13 789
9 10 0.929912
13 10 0.914159
10 8 0.387852
8 11 0.486651
1 8 0.670384
5 13 0.827703
10 7 0.245216
3 6 0.201279
3 2 0.803532
1 11 0.412332
9 8 0.389861
6 10 0.381930
10 9 0.757771
2 4 0.307478
1 4 0.743987
13 1 0.806574
1 9 0.227402
9 12 0.465246
9 13 0.704373
5 12 0.455770
10 7 0.494139
4 6 0.360145
4 13 0.481210
5 3 0.305158
6 5 0.831104
12 7 0.734048
12 4 0.202605
11 7 0.666942
10 1 0.572082
3 7 0.429470
4 2 0.254835
6 3 0.226727
13 10 0.360320
6 12 0.652785
2 11 0.645896
7 4 0.526192
5 11 0.336965
12 3 0.707488
7 2 0.856662
6 3 0.257366
5 4 0.922260
2 10 0.344313
7 4 0.824312
8 5 0.340984
1 12 0.670763
1 7 0.827711
9 3 0.355984
1 7 0.804284
9 8 0.323486
10 5 0.409888
12 3 0.741831
4 6 0.440652
11 1 0.383886
3 1 0.856172
8 10 0.730742
6 2 0.533327
7 8 0.574419
4 1 0.635501
8 12 0.762674
8 12 0.646320
9 12 0.444311
11 9 0.323626
7 8 0.217062
1 6 0.563424
4 5 0.781657
10 6 0.222524
11 5 0.161667
7 9 0.385908
2 5 0.759181
5 12 0.167548
8 9 0.535649
7 6 0.242845
4 5 0.378184
9 7 0.936970
3 7 0.704792
13 3 0.556538
12 1 0.860042
9 8 0.520825
6 2 0.930842
8 7 0.525032
9 2 0.484303
7 5 0.469804
11 10 0.316794
1 4 0.178339
5 7 0.238237
12 5 0.883082
10 2 0.765847
9 11 0.677863
1 11 0.602645
9 10 0.869227
1 7 0.918908
12 10 0.669005
8 6 0.757014
10 1 0.817628
8 5 0.284226
9 12 0.308871
6 1 0.260089
8 7 0.841454
6 4 0.490943
10 11 0.690459
1 3 0.197154
12 8 0.326918
9 4 0.393528
4 6 0.665563
13 6 0.855661
9 3 0.405019
1 13 0.237164
12 2 0.510940
3 1 0.539935
10 12 0.772428
3 1 0.899043
10 3 0.431349
10 13 0.890417
9 8 0.876745
6 2 0.692192
8 1 0.258774
5 8 0.864958
8 6 0.360045
7 13 0.931522
7 13 0.714329
11 12 0.256224
7 9 0.204759
3 4 0.616951
11 12 0.327999
7 10 0.517636
2 1 0.934021
1 2 0.213501
8 1 0.773026
1 11 0.581268
4 9 0.935904
12 1 0.342077
2 5 0.580588
11 7 0.406206
6 3 0.628017
9 5 0.602351
13 1 0.643862
9 6 0.354621
2 4 0.830105
12 8 0.848364
11 3 0.163857
10 12 0.811632
2 13 0.790488
4 5 0.876750
8 1 0.245438
4 13 0.823072
3 12 0.431355
6 2 0.342486
10 12 0.237867
12 10 0.837421
8 12 0.754048
9 5 0.165002
10 9 0.473950
6 2 0.541899
10 7 0.626650
11 9 0.637024
13 5 0.628643
11 9 0.894785
7 12 0.871280
3 13 0.463602
11 10 0.339554
11 7 0.252274
8 1 0.584486
6 8 0.294328
9 6 0.821025
1 12 0.829519
2 6 0.484373
12 1 0.348195
10 7 0.776680
4 11 0.489275
9 1 0.471617
6 3 0.924104
10 13 0.914272
4 12 0.287812
11 7 0.886491
2 3 0.185112
1 6 0.890416
9 4 0.458074
12 4 0.311730
13 11 0.231488
5 11 0.811065
13 11 0.369968
9 6 0.768616
13 4 0.626118
4 2 0.639430
10 13 0.548888
13 4 0.327047
12 7 0.661290
6 13 0.688373
4 2 0.441594
10 2 0.411530
5 7 0.532372
1 8 0.802161
13 8 0.161856
2 1 0.240738
13 6 0.427998
10 3 0.924833
7 13 0.219619
10 4 0.811838
9 7 0.280887
12 8 0.228859
4 7 0.880032
10 9 0.618426
8 11 0.299738
9 4 0.163507
7 1 0.558834
4 11 0.266659
6 2 0.842209
7 4 0.166114
7 8 0.418891
7 2 0.628625
2 3 0.906474
13 2 0.310343
8 1 0.713274
5 11 0.558277
13 11 0.366702
10 3 0.686855
9 13 0.462163
7 10 0.797898
2 11 0.778390
4 1 0.477090
8 5 0.740335
7 3 0.373317
9 2 0.639773
12 13 0.783194
11 9 0.257528
12 1 0.494727
12 13 0.727893
11 7 0.456633
3 8 0.192015
4 7 0.184282
8 10 0.253203
8 5 0.434130
13 7 0.821173
7 4 0.402703
7 13 0.216583
5 9 0.266068
7 12 0.745028
1 11 0.832991
1 9 0.227673
1 5 0.750736
5 13 0.535596
8 6 0.200402
8 9 0.722763
9 1 0.380046
11 12 0.835883
8 4 0.592636
8 5 0.570734
10 1 0.488533
10 11 0.867145
11 10 0.507036
4 13 0.308697
12 7 0.717677
12 5 0.272589
6 4 0.435591
2 11 0.307358
1 12 0.752550
3 13 0.235946
12 10 0.922025
4 8 0.529600
2 10 0.753676
8 6 0.586633
12 3 0.555105
10 1 0.403269
5 4 0.274565
10 1 0.674221
9 11 0.523490
8 3 0.640578
2 6 0.559046
1 4 0.620259
2 9 0.334489
9 6 0.561042
9 5 0.832952
1 2 0.227899
7 2 0.519808
1 7 0.186450
6 11 0.909582
13 12 0.838104
12 11 0.434114
13 8 0.406076
9 13 0.451319
8 2 0.932048
8 13 0.173710
12 11 0.481078
7 1 0.635552
10 11 0.897946
8 9 0.418554
3 5 0.588587
1 2 0.898776
3 5 0.377909
1 6 0.794123
3 11 0.391355
2 7 0.179219
3 7 0.570101
5 9 0.816644
9 13 0.795414
7 8 0.765586
8 11 0.915586
10 4 0.774065
13 8 0.829328
2 3 0.700000
8 13 0.269289
3 1 0.465120
4 8 0.433490
13 1 0.270916
12 9 0.632815
6 4 0.651743
10 12 0.614091
13 5 0.300239
8 9 0.365680
2 7 0.345207
6 11 0.333199
5 9 0.695066
6 13 0.429735
6 8 0.500839
6 4 0.798919
8 6 0.467674
3 11 0.836959
7 10 0.390355
6 7 0.862822
4 6 0.474245
9 12 0.558841
7 10 0.916698
13 6 0.593771
12 6 0.621001
4 7 0.839645
1 12 0.889756
10 12 0.258087
5 1 0.659686
11 4 0.457315
5 13 0.646142
5 1 0.331803
9 6 0.166163
2 3 0.347365
13 7 0.755110
8 2 0.791712
11 1 0.458626
8 7 0.518366
3 13 0.767420
6 12 0.434618
11 9 0.913349
8 1 0.730129
10 1 0.328121
1 3 0.910900
2 6 0.763132
1 7 0.786940
2 12 0.869112
5 2 0.409072
12 4 0.255420
4 8 0.397776
4 1 0.573711
13 11 0.609639
12 1 0.374138
5 9 0.697554
1 6 0.207665
7 1 0.892262
2 8 0.559228
10 13 0.761897
8 4 0.407348
1 3 0.602224
3 10 0.570762
1 8 0.768274
13 12 0.551109
5 4 0.892849
9 1 0.753888
13 5 0.383923
5 11 0.373053
8 9 0.487368
13 8 0.619051
6 4 0.393222
1 3 0.315909
5 9 0.848199
6 2 0.795928
13 8 0.786247
1 8 0.233289
2 11 0.286517
1 11 0.266201
9 5 0.784721
7 2 0.837513
3 2 0.408078
4 3 0.430866
4 12 0.343172
9 13 0.630124
9 6 0.663480
12 10 0.467473
13 5 0.484211
6 8 0.822297
9 7 0.669966
12 7 0.762645
6 9 0.342082
3 2 0.183015
12 6 0.598326
6 11 0.313939
5 3 0.285471
5 9 0.807379
13 5 0.577387
3 10 0.547987
10 12 0.389159
2 12 0.728261
7 9 0.843104
7 6 0.693494
8 3 0.337259
9 8 0.669198
8 10 0.557321
8 10 0.428854
10 3 0.864647
3 9 0.226065
1 13 0.779721
9 13 0.498395
2 13 0.186223
6 11 0.803944
5 4 0.877364
6 11 0.681771
3 4 0.330918
6 2 0.928679
3 5 0.550658
11 6 0.896000
10 4 0.484798
10 4 0.864561
11 5 0.410735
9 12 0.255627
9 3 0.275645
10 13 0.852428
8 10 0.452903
10 5 0.257728
9 5 0.260277
5 10 0.398141
12 1 0.640102
1 7 0.710753
5 6 0.638518
10 9 0.456786
6 9 0.401080
7 9 0.412099
6 13 0.542774
11 13 0.203248
12 1 0.933100
11 9 0.691481
11 4 0.525641
1 6 0.685610
11 9 0.192539
12 5 0.806156
11 12 0.567367
9 5 0.597333
3 11 0.762211
6 5 0.913615
9 12 0.544591
3 11 0.286327
5 11 0.290202
2 4 0.460879
13 11 0.174932
1 10 0.311111
8 2 0.319806
7 8 0.849360
11 3 0.872803
13 4 0.254099
9 8 0.475352
5 7 0.462184
1 4 0.363293
6 2 0.902135
1 7 0.534984
8 12 0.918771
2 8 0.420339
13 7 0.427238
11 1 0.607143
3 7 0.241499
11 6 0.747418
10 5 0.748994
1 2 0.231754
6 4 0.462302
7 5 0.569736
7 1 0.903671
9 12 0.819068
8 10 0.310681
13 6 0.684674
1 5 0.594012
5 2 0.578868
10 12 0.213861
9 3 0.740555
13 2 0.751335
5 7 0.527136
6 13 0.271346
5 3 0.461605
12 8 0.414020
1 10 0.199110
3 8 0.216764
11 4 0.759289
13 5 0.538837
11 13 0.185851
7 4 0.514382
13 12 0.575422
3 6 0.236397
9 4 0.691130
9 4 0.873075
6 7 0.365452
3 5 0.509374
4 13 0.712429
6 13 0.559244
4 13 0.211624
8 1 0.217055
1 7 0.492818
6 7 0.819631
12 3 0.363446
2 12 0.291756
5 2 0.215313
9 13 0.609098
11 10 0.451369
7 3 0.430254
7 9 0.172038
2 5 0.328471
3 13 0.806796
8 13 0.680267
9 3 0.772750
7 1 0.630162
4 2 0.783720
2 7 0.861682
12 3 0.810942
4 9 0.462918
10 8 0.257839
6 1 0.892801
12 13 0.895324
10 9 0.691476
5 6 0.771768
5 1 0.187267
4 2 0.766897
12 10 0.253398
7 11 0.592799
11 5 0.472098
10 6 0.491644
8 12 0.784741
10 13 0.212976
12 8 0.629709
5 10 0.190579
2 5 0.726611
1 12 0.878092
2 3 0.740088
9 3 0.921163
10 7 0.521313
2 6 0.654998
5 10 0.366757
1 9 0.163916
13 1 0.741147
8 9 0.321932
7 13 0.293805
4 11 0.440499
7 3 0.342091
3 2 0.183376
13 6 0.609795
13 10 0.637184
1 12 0.369559
5 8 0.743346
1 7 0.624449
3 11 0.222054
1 10 0.387718
7 10 0.576839
8 9 0.473010
4 5 0.615898
8 7 0.877495
7 4 0.501569
11 8 0.379131
12 10 0.411432
3 8 0.900582
4 12 0.605689
10 9 0.365900
13 7 0.550883
3 2 0.869406
2 6 0.557851
12 7 0.496384
2 12 0.361572
10 9 0.596982
1 10 0.241373
13 2 0.927431
3 12 0.508788
5 9 0.478611
10 3 0.938481
4 5 0.815917
11 3 0.365111
12 6 0.719578
7 5 0.600957
10 13 0.918070
3 8 0.683925
7 11 0.680405
8 10 0.758228
12 9 0.638894
13 7 0.267304
4 1 0.393938
1 13 0.904674
11 2 0.189302
11 6 0.407882
8 7 0.791797
5 6 0.417580
2 5 0.223920
7 12 0.480196
3 2 0.908963
6 5 0.451216
12 2 0.458738
2 13 0.810432
6 8 0.556772
4 6 0.354122
11 1 0.823936
8 5 0.339277
6 12 0.420370
4 10 0.746378
1 6 0.430857
7 9 0.686280
9 8 0.593895
4 2 0.758554
13 8 0.728139
4 6 0.704178
9 13 0.691010
13 6 0.861458
11 2 0.375217
4 2 0.259425
9 6 0.193618
5 11 0.704335
3 4 0.446176
4 8 0.719877
2 10 0.247205
3 7 0.930914
3 12 0.896470
5 11 0.889502
8 9 0.237388
11 3 0.426443
7 5 0.569672
8 4 0.633431
3 1 0.174542
12 8 0.931953
10 11 0.830517
6 1 0.309598
13 3 0.371929
10 11 0.633356
12 11 0.601665
11 2 0.877243
12 6 0.607542
6 1 0.316058
1 9 0.562471
4 11 0.745298
4 10 0.304479
5 8 0.520331
3 2 0.268306
3 13 0.357894
4 6 0.735507
10 4 0.491032
1 3 0.371622
2 8 0.489728
9 12 0.909776
7 5 0.578996
2 3 0.288549
3 1 0.726602
4 1 0.559093
11 1 0.820461
6 7 0.575361
1 4 0.276109
7 11 0.387806
13 1 0.796875
8 4 0.891897
6 13 0.209396
12 5 0.662436
11 10 0.282135
3 11 0.245888
4 7 0.287324
9 1 0.739612
9 11 0.643933
1 6 0.347930
8 6 0.478404
11 6 0.303551
5 9 0.602054
6 2 0.368523
13 1 0.933372
9 12 0.369686
2 9 0.852480
11 1 0.617334
7 10 0.344688
10 11 0.679631
8 11 0.353178
8 9 0.291871
3 10 0.579379
8 7 0.835987
6 13 0.345798
1 10 0.215676
7 6 0.480905
13 5 0.397122
4 2 0.585323
1 5 0.579832
7 4 0.814119
1 10 0.749654
6 1 0.475852
3 4 0.265167
9 11 0.348215
4 10 0.805949
13 6 0.291055
3 5 0.519366
9 6 0.774718
6 10 0.933503
1 5 0.293860
9 8 0.895073
11 4 0.253708
9 4 0.175512
5 4 0.465606
11 13 0.529243
7 13 0.395856
1 4 0.661035
2 4 0.458077
13 4 0.700105
7 6 0.930062
2 7 0.573385
3 6 0.195556
8 10 0.744589
5 6 0.764653
9 10 0.869864
2 1 0.771883
10 3 0.596729
9 7 0.809976
6 2 0.713763
3 8 0.214141
7 13 0.278598
8 7 0.737769
8 11 0.416910
10 12 0.633676
2 8 0.577377
13 10 0.768838
5 3 0.433265
8 9 0.283392
1 13 0.873133
3 10 0.673943
1 7 0.845262
6 12 0.465473
3 8 0.869195
6 8 0.606642
3 11 0.457038
3 4 0.184319
2 6 0.662479
12 4 0.695951
12 8 0.326621
2 9 0.733036
5 10 0.483062
6 11 0.567324
10 4 0.819783
12 4 0.294360
11 3 0.552462
8 12 0.895633
13 11 0.195049
6 4 0.617678
3 2 0.801606
10 4 0.629931
2 10 0.358333
5 8 0.239360
10 5 0.662236
11 5 0.329896
11 3 0.895347
1 12 0.688593
10 8 0.583638
11 13 0.713093
2 11 0.355053
11 8 0.845354
12 1 0.568011
4 12 0.208701
11 4 0.309541
6 10 0.781199
6 3 0.635652
5 3 0.740380
9 4 0.313430
12 8 0.547195
7 10 0.371532
4 7 0.613071
2 7 0.812358
5 1 0.817836
9 4 0.554626
8 2 0.784014
3 8 0.331087
10 1 0.301108
2 11 0.563478
2 11 0.349273
10 4 0.670272
10 12 0.572442
9 10 0.324508
8 12 0.625201
7 4 0.818504
4 1 0.848874
10 4 0.405779
7 11 0.260068
13 10 0.586901
12 6 0.332479
1 5 0.172917
13 11 0.359757
4 11 0.796031
10 13 0.906971
13 9 0.862505
11 8 0.583181
2 4 0.835773
11 5 0.583395
