2 865
2 1 0.444139
1 2 0.402205
1 2 0.900391
1 2 0.786627
2 1 0.827877
2 1 0.263796
1 2 0.826168
2 1 0.476665
1 2 0.588219
2 1 0.735221
1 2 0.819483
2 1 0.266818
2 1 0.334475
2 1 0.883075
1 2 0.725364
1 2 0.580006
2 1 0.365552
1 2 0.833063
1 2 0.428887
2 1 0.660877
1 2 0.673007
2 1 0.346355
1 2 0.443158
1 2 0.527435
1 2 0.329644
2 1 0.754790
1 2 0.530520
2 1 0.470031
1 2 0.703746
1 2 0.472262
2 1 0.388836
1 2 0.542064
1 2 0.493601
2 1 0.594408
2 1 0.272614
2 1 0.525881
2 1 0.372291
2 1 0.750584
2 1 0.713480
1 2 0.410682
2 1 0.536039
2 1 0.319695
2 1 0.783315
2 1 0.847122
1 2 0.755078
2 1 0.467293
1 2 0.467939
2 1 0.324568
1 2 0.401481
1 2 0.726937
1 2 0.738131
2 1 0.703786
1 2 0.413702
1 2 0.698633
1 2 0.777753
1 2 0.381576
2 1 0.479711
1 2 0.379614
2 1 0.673080
2 1 0.685910
1 2 0.328678
2 1 0.433492
2 1 0.270800
1 2 0.433738
2 1 0.389574
1 2 0.617628
1 2 0.577000
1 2 0.539068
2 1 0.886565
2 1 0.323641
2 1 0.599331
2 1 0.629742
1 2 0.412404
2 1 0.286823
1 2 0.298082
2 1 0.891350
1 2 0.726503
2 1 0.783103
2 1 0.747568
1 2 0.877885
1 2 0.337459
2 1 0.380038
1 2 0.692333
2 1 0.853747
1 2 0.766937
1 2 0.343924
2 1 0.685912
1 2 0.841161
1 2 0.601819
2 1 0.448646
2 1 0.588725
2 1 0.560882
2 1 0.274531
2 1 0.663042
1 2 0.375846
2 1 0.659562
1 2 0.717380
1 2 0.358099
1 2 0.580972
1 2 0.576768
2 1 0.585232
1 2 0.613955
2 1 0.676327
2 1 0.330178
2 1 0.886020
2 1 0.446250
2 1 0.473180
1 2 0.684944
1 2 0.733445
2 1 0.379654
1 2 0.430960
1 2 0.433481
1 2 0.311077
1 2 0.533034
1 2 0.751028
2 1 0.666911
1 2 0.511696
1 2 0.508108
1 2 0.581322
1 2 0.881967
2 1 0.546018
2 1 0.434693
1 2 0.574144
1 2 0.535401
2 1 0.806670
1 2 0.881177
2 1 0.558366
2 1 0.545806
2 1 0.857044
1 2 0.728699
2 1 0.526080
1 2 0.585695
1 2 0.406482
2 1 0.733586
2 1 0.589342
2 1 0.647632
2 1 0.553261
1 2 0.308023
2 1 0.423118
1 2 0.770423
2 1 0.523997
2 1 0.826638
2 1 0.295954
1 2 0.812653
2 1 0.653556
2 1 0.708309
2 1 0.848655
2 1 0.674934
2 1 0.396552
2 1 0.563310
2 1 0.678975
1 2 0.364852
1 2 0.301023
2 1 0.820856
1 2 0.496476
2 1 0.668091
2 1 0.626677
2 1 0.785152
1 2 0.478563
2 1 0.634556
1 2 0.430008
1 2 0.753761
2 1 0.717138
2 1 0.268837
2 1 0.491114
1 2 0.381341
1 2 0.318319
2 1 0.322966
2 1 0.817098
2 1 0.468192
1 2 0.392219
1 2 0.541358
2 1 0.590395
1 2 0.308329
2 1 0.604449
1 2 0.307022
1 2 0.894010
2 1 0.392944
2 1 0.359480
1 2 0.324091
2 1 0.510427
1 2 0.895232
1 2 0.325486
1 2 0.509234
2 1 0.858994
2 1 0.441856
2 1 0.841422
2 1 0.343572
2 1 0.433109
2 1 0.858334
1 2 0.560142
2 1 0.840860
1 2 0.601700
1 2 0.664561
2 1 0.637451
2 1 0.519436
1 2 0.476969
2 1 0.822103
2 1 0.720989
1 2 0.293641
1 2 0.847306
1 2 0.416459
1 2 0.780029
2 1 0.822625
2 1 0.669653
2 1 0.657089
2 1 0.822527
2 1 0.561503
2 1 0.426816
1 2 0.543471
2 1 0.358385
1 2 0.749848
1 2 0.679683
2 1 0.535316
1 2 0.390369
1 2 0.486447
1 2 0.466251
2 1 0.896785
1 2 0.469379
1 2 0.730732
2 1 0.795436
1 2 0.492832
2 1 0.351953
2 1 0.762191
2 1 0.341565
2 1 0.695762
1 2 0.746671
2 1 0.418770
2 1 0.829782
1 2 0.371239
2 1 0.628402
2 1 0.431240
1 2 0.688734
1 2 0.562806
1 2 0.744805
2 1 0.643464
1 2 0.403778
2 1 0.483367
2 1 0.451656
1 2 0.392203
2 1 0.730983
1 2 0.300363
1 2 0.392595
1 2 0.785755
1 2 0.569504
1 2 0.386408
1 2 0.275336
1 2 0.866592
2 1 0.685990
2 1 0.416871
2 1 0.299219
1 2 0.817159
2 1 0.312891
1 2 0.260445
1 2 0.482286
2 1 0.719618
2 1 0.890045
2 1 0.858662
1 2 0.660369
1 2 0.441526
1 2 0.326099
2 1 0.820323
1 2 0.864333
1 2 0.760099
2 1 0.722457
1 2 0.788473
1 2 0.429895
1 2 0.447798
2 1 0.689127
2 1 0.322022
2 1 0.618681
2 1 0.699955
2 1 0.895729
2 1 0.496178
2 1 0.895106
2 1 0.781827
2 1 0.823121
2 1 0.565337
2 1 0.618207
1 2 0.752344
2 1 0.287235
2 1 0.613160
1 2 0.537705
1 2 0.591204
2 1 0.554868
1 2 0.517843
1 2 0.838460
2 1 0.887293
1 2 0.876747
1 2 0.761082
1 2 0.589689
1 2 0.348073
1 2 0.555418
1 2 0.276020
2 1 0.740187
2 1 0.282934
2 1 0.266879
2 1 0.609593
2 1 0.822177
2 1 0.530773
1 2 0.478805
1 2 0.409869
2 1 0.360803
1 2 0.427069
1 2 0.437197
1 2 0.290486
2 1 0.549352
1 2 0.391659
2 1 0.305539
2 1 0.628502
2 1 0.443091
2 1 0.603750
2 1 0.587855
1 2 0.698713
1 2 0.641716
1 2 0.343237
2 1 0.643060
1 2 0.391719
2 1 0.736886
2 1 0.620857
2 1 0.824935
2 1 0.285841
2 1 0.557837
1 2 0.397333
1 2 0.734446
1 2 0.712669
1 2 0.798029
2 1 0.632686
1 2 0.352953
2 1 0.398522
1 2 0.353112
1 2 0.332909
1 2 0.849150
2 1 0.877427
2 1 0.453756
1 2 0.357865
2 1 0.342373
2 1 0.830613
2 1 0.460084
2 1 0.290393
2 1 0.743239
2 1 0.555315
2 1 0.882353
1 2 0.701080
2 1 0.640234
2 1 0.612933
2 1 0.542455
2 1 0.858210
1 2 0.784772
1 2 0.391174
2 1 0.735653
2 1 0.650687
1 2 0.898016
1 2 0.638632
2 1 0.417252
1 2 0.643003
1 2 0.426705
1 2 0.732764
1 2 0.598488
1 2 0.483081
2 1 0.475738
2 1 0.592836
1 2 0.659829
2 1 0.384527
2 1 0.354448
1 2 0.729421
1 2 0.485531
2 1 0.731617
2 1 0.738680
1 2 0.551244
2 1 0.692837
1 2 0.283479
2 1 0.580217
2 1 0.675072
1 2 0.381973
1 2 0.326110
2 1 0.329497
2 1 0.496376
1 2 0.761161
2 1 0.856682
1 2 0.447392
2 1 0.552129
2 1 0.592886
2 1 0.590917
1 2 0.811711
2 1 0.579647
2 1 0.517144
1 2 0.628107
1 2 0.303274
2 1 0.791638
2 1 0.512041
1 2 0.687738
2 1 0.679625
2 1 0.658746
2 1 0.274751
1 2 0.309843
1 2 0.848344
1 2 0.512322
1 2 0.511753
2 1 0.637967
2 1 0.657514
2 1 0.286935
2 1 0.352423
2 1 0.831062
1 2 0.531279
1 2 0.329110
2 1 0.846264
1 2 0.791656
2 1 0.853657
2 1 0.513056
1 2 0.289990
1 2 0.531581
1 2 0.374636
2 1 0.884895
1 2 0.623901
2 1 0.679017
2 1 0.353937
1 2 0.258937
2 1 0.704975
1 2 0.814258
2 1 0.437779
2 1 0.372002
1 2 0.740802
1 2 0.415511
2 1 0.347031
1 2 0.792474
2 1 0.334565
1 2 0.371362
1 2 0.846148
2 1 0.855760
1 2 0.388389
1 2 0.738648
1 2 0.813371
2 1 0.395089
1 2 0.884273
1 2 0.273951
2 1 0.395818
1 2 0.658734
1 2 0.430644
2 1 0.825020
2 1 0.867101
1 2 0.755555
1 2 0.773051
1 2 0.603316
2 1 0.417026
2 1 0.359427
1 2 0.672187
2 1 0.783330
1 2 0.674702
2 1 0.768969
1 2 0.313235
1 2 0.614332
1 2 0.386621
2 1 0.274039
1 2 0.265408
2 1 0.498294
1 2 0.272448
1 2 0.602763
1 2 0.751508
1 2 0.337173
2 1 0.759444
2 1 0.387546
2 1 0.555426
1 2 0.406536
2 1 0.697997
2 1 0.378242
1 2 0.851859
2 1 0.383947
1 2 0.617245
2 1 0.375446
1 2 0.481078
2 1 0.585492
2 1 0.561718
2 1 0.768991
1 2 0.853532
2 1 0.753898
2 1 0.590635
2 1 0.350321
1 2 0.759011
1 2 0.589922
1 2 0.440689
1 2 0.887346
1 2 0.479531
1 2 0.694803
1 2 0.312918
2 1 0.876586
2 1 0.775425
1 2 0.309005
2 1 0.629486
1 2 0.323005
2 1 0.453100
2 1 0.351255
2 1 0.809944
2 1 0.625473
2 1 0.623738
1 2 0.431741
1 2 0.366756
2 1 0.855806
1 2 0.485275
2 1 0.744230
1 2 0.859370
1 2 0.597090
1 2 0.852156
1 2 0.663732
2 1 0.258399
2 1 0.518539
2 1 0.555076
1 2 0.389424
2 1 0.782111
2 1 0.308645
1 2 0.573768
2 1 0.690994
1 2 0.655127
2 1 0.500601
1 2 0.598655
1 2 0.599180
2 1 0.697839
2 1 0.298249
1 2 0.372016
2 1 0.895572
2 1 0.471671
2 1 0.859772
2 1 0.393155
2 1 0.654020
1 2 0.355030
1 2 0.731337
2 1 0.580275
1 2 0.305175
1 2 0.714526
1 2 0.600116
1 2 0.809787
1 2 0.466446
1 2 0.685340
1 2 0.767983
2 1 0.817132
1 2 0.796331
1 2 0.573209
2 1 0.840543
2 1 0.577000
1 2 0.422514
1 2 0.580255
2 1 0.326300
1 2 0.804496
2 1 0.858976
1 2 0.851021
2 1 0.706401
2 1 0.510527
1 2 0.552696
1 2 0.401044
1 2 0.461379
2 1 0.381720
2 1 0.899861
1 2 0.506629
1 2 0.789138
2 1 0.257833
1 2 0.807755
1 2 0.614042
1 2 0.859342
1 2 0.787610
1 2 0.689431
1 2 0.349550
2 1 0.450827
2 1 0.648995
2 1 0.801978
1 2 0.818058
2 1 0.821682
1 2 0.615413
2 1 0.723528
2 1 0.601151
2 1 0.499931
2 1 0.878465
2 1 0.877356
2 1 0.473103
2 1 0.302333
2 1 0.553401
2 1 0.546393
1 2 0.309830
2 1 0.765335
2 1 0.320792
1 2 0.343490
2 1 0.716075
2 1 0.682433
2 1 0.861136
2 1 0.261781
2 1 0.547845
1 2 0.308639
2 1 0.750351
1 2 0.583769
1 2 0.373307
1 2 0.669521
2 1 0.825758
1 2 0.684674
2 1 0.572255
1 2 0.395197
1 2 0.423629
2 1 0.353575
1 2 0.795338
1 2 0.739594
2 1 0.331816
2 1 0.599182
2 1 0.553450
1 2 0.654992
2 1 0.364140
1 2 0.690903
2 1 0.666985
2 1 0.612564
2 1 0.566198
2 1 0.363266
2 1 0.256586
1 2 0.363966
2 1 0.765558
1 2 0.664234
1 2 0.822395
1 2 0.351547
2 1 0.783474
2 1 0.273414
2 1 0.817810
1 2 0.393069
2 1 0.892226
2 1 0.673720
2 1 0.621934
1 2 0.715323
2 1 0.614092
1 2 0.697009
2 1 0.471535
1 2 0.264088
2 1 0.539349
2 1 0.675809
2 1 0.306171
1 2 0.855269
2 1 0.854935
1 2 0.315101
2 1 0.658325
1 2 0.337430
1 2 0.791067
2 1 0.856735
1 2 0.771103
1 2 0.670910
2 1 0.533643
2 1 0.315006
1 2 0.286870
2 1 0.660489
2 1 0.898170
1 2 0.556323
1 2 0.373477
2 1 0.369632
2 1 0.415311
2 1 0.395047
2 1 0.595764
2 1 0.588141
1 2 0.266857
1 2 0.500010
1 2 0.765462
2 1 0.584574
2 1 0.389092
1 2 0.527368
2 1 0.894720
2 1 0.827039
1 2 0.572205
2 1 0.814422
2 1 0.424659
2 1 0.694471
1 2 0.777382
2 1 0.895207
2 1 0.754490
1 2 0.719520
1 2 0.676230
2 1 0.683436
1 2 0.582550
1 2 0.832320
2 1 0.840135
2 1 0.309828
2 1 0.569676
1 2 0.690515
1 2 0.680925
2 1 0.330711
1 2 0.338901
2 1 0.739168
1 2 0.841350
2 1 0.491118
2 1 0.461159
2 1 0.263588
1 2 0.371387
2 1 0.608370
2 1 0.670287
2 1 0.309012
1 2 0.332951
2 1 0.554728
2 1 0.575892
2 1 0.496208
2 1 0.475308
2 1 0.404639
1 2 0.526761
1 2 0.566087
2 1 0.541560
1 2 0.651709
1 2 0.697805
2 1 0.826880
2 1 0.803549
2 1 0.341701
2 1 0.633793
1 2 0.461211
2 1 0.814149
1 2 0.507568
1 2 0.855541
2 1 0.562103
1 2 0.308663
2 1 0.815472
1 2 0.655404
1 2 0.522895
1 2 0.704969
2 1 0.716048
2 1 0.537942
1 2 0.536704
1 2 0.477544
2 1 0.484809
1 2 0.470877
2 1 0.583545
1 2 0.405089
2 1 0.520646
2 1 0.854460
2 1 0.701702
1 2 0.638674
2 1 0.290084
1 2 0.702766
1 2 0.435332
1 2 0.508196
2 1 0.704553
1 2 0.608089
2 1 0.311415
1 2 0.346290
1 2 0.731046
2 1 0.556026
1 2 0.637832
1 2 0.825442
2 1 0.679409
2 1 0.452572
2 1 0.561677
1 2 0.638699
2 1 0.824631
2 1 0.412646
1 2 0.723587
1 2 0.787859
1 2 0.479316
1 2 0.287839
2 1 0.507470
1 2 0.770315
2 1 0.403890
1 2 0.891040
1 2 0.720925
1 2 0.432992
2 1 0.690731
1 2 0.498347
2 1 0.825338
1 2 0.542728
1 2 0.389125
1 2 0.866969
1 2 0.703759
1 2 0.540754
2 1 0.310308
2 1 0.889141
1 2 0.709251
1 2 0.428681
2 1 0.694197
2 1 0.556022
1 2 0.404173
2 1 0.646729
1 2 0.567249
1 2 0.488637
1 2 0.261898
1 2 0.258813
2 1 0.333490
1 2 0.383639
2 1 0.563341
2 1 0.889307
2 1 0.897756
1 2 0.501236
1 2 0.493754
1 2 0.283528
1 2 0.415832
2 1 0.306652
1 2 0.879406
1 2 0.627760
1 2 0.819366
1 2 0.849451
1 2 0.266428
1 2 0.317963
2 1 0.897932
2 1 0.780458
1 2 0.576671
1 2 0.447188
1 2 0.886735
1 2 0.503504
2 1 0.435800
2 1 0.257453
1 2 0.565864
2 1 0.274929
2 1 0.664572
1 2 0.831197
2 1 0.554793
2 1 0.604643
1 2 0.553149
1 2 0.402863
2 1 0.517302
2 1 0.567810
2 1 0.784521
2 1 0.465420
1 2 0.290072
1 2 0.651298
1 2 0.613053
2 1 0.702122
2 1 0.368344
1 2 0.258112
1 2 0.875697
1 2 0.600858
1 2 0.701553
1 2 0.757184
2 1 0.575563
2 1 0.860041
1 2 0.496108
1 2 0.694680
2 1 0.890637
1 2 0.738353
2 1 0.293498
2 1 0.609780
1 2 0.359101
1 2 0.392666
2 1 0.574296
1 2 0.567328
2 1 0.783560
1 2 0.597038
1 2 0.744949
1 2 0.578514
1 2 0.602672
2 1 0.785759
1 2 0.375986
1 2 0.688012
2 1 0.860686
1 2 0.338507
2 1 0.722651
2 1 0.853617
1 2 0.611844
1 2 0.754696
1 2 0.899510
2 1 0.666033
1 2 0.469734
1 2 0.580800
2 1 0.391426
2 1 0.626256
1 2 0.267028
1 2 0.287985
1 2 0.498551
2 1 0.309149
1 2 0.383787
2 1 0.775832
2 1 0.389721
1 2 0.571345
2 1 0.311860
2 1 0.601634
1 2 0.637003
1 2 0.282640
2 1 0.265141
1 2 0.600239
1 2 0.359348
2 1 0.775353
