8 628
3 6 0.625235
2 5 0.558884
4 5 0.585648
7 6 0.621117
3 8 0.594455
7 2 0.599246
7 5 0.601226
7 5 0.626309
5 1 0.562781
4 6 0.638057
7 4 0.553740
6 3 0.558363
6 7 0.612973
3 1 0.609298
8 7 0.576455
3 8 0.553928
3 2 0.610976
3 8 0.615560
7 3 0.588103
6 5 0.614799
6 5 0.580575
8 6 0.552535
1 7 0.634403
8 7 0.585021
3 8 0.570690
8 6 0.647974
6 8 0.642709
7 5 0.634162
6 4 0.621358
4 1 0.588487
4 7 0.629244
8 1 0.643832
4 8 0.593193
5 6 0.635881
1 5 0.623225
1 2 0.598858
6 8 0.560861
4 2 0.628251
1 2 0.559313
6 3 0.645044
5 4 0.561534
6 2 0.588757
4 6 0.626514
8 7 0.641551
1 8 0.544465
2 7 0.549984
1 5 0.556953
1 5 0.581416
3 2 0.622643
8 6 0.611298
5 6 0.571654
7 3 0.613856
3 2 0.608089
2 5 0.596957
1 3 0.594637
2 6 0.547744
8 7 0.607073
6 3 0.588834
5 7 0.556423
2 6 0.638674
5 1 0.615562
4 3 0.585070
5 4 0.548838
4 8 0.633270
3 5 0.621402
8 4 0.644453
8 1 0.612142
3 1 0.579302
8 4 0.588194
7 6 0.610743
4 8 0.573360
3 4 0.579778
7 8 0.633891
6 4 0.577529
3 8 0.644994
6 8 0.591574
6 4 0.610847
7 2 0.619087
4 3 0.555431
8 3 0.640345
2 5 0.558644
6 1 0.576017
1 7 0.602453
6 5 0.575645
1 7 0.583353
1 8 0.555305
8 6 0.612211
6 7 0.617071
1 2 0.615706
7 4 0.569817
6 2 0.642786
3 4 0.607318
1 2 0.576015
7 3 0.647286
8 4 0.612844
8 3 0.601201
2 8 0.556051
2 3 0.625039
6 5 0.548265
8 4 0.590293
6 4 0.558339
3 2 0.580926
4 3 0.567566
3 1 0.545858
5 7 0.625016
3 4 0.642428
3 4 0.552327
2 6 0.586300
5 3 0.551234
2 7 0.554030
3 7 0.552015
2 1 0.623507
1 3 0.579696
4 6 0.624280
5 1 0.634928
2 3 0.575608
2 3 0.552218
5 7 0.583234
3 1 0.604659
1 5 0.547075
8 5 0.558661
7 5 0.553038
6 7 0.579847
6 8 0.617609
6 1 0.578301
8 5 0.642050
6 5 0.627015
8 5 0.598448
7 4 0.562485
7 1 0.642282
2 6 0.544638
8 4 0.629330
6 8 0.556684
7 5 0.642092
1 8 0.584580
1 2 0.571639
2 1 0.548422
2 3 0.553990
4 8 0.559237
2 8 0.639023
2 5 0.574181
2 3 0.624915
8 5 0.639781
2 6 0.625588
8 7 0.642548
7 2 0.645848
6 1 0.584899
2 4 0.630624
3 1 0.578788
2 1 0.611808
5 7 0.593114
6 2 0.647515
3 5 0.628368
1 3 0.624740
2 6 0.603542
2 4 0.618503
1 4 0.591309
3 2 0.605172
7 6 0.591466
2 3 0.642463
7 3 0.610072
3 1 0.568579
2 6 0.641331
5 6 0.632291
1 5 0.644217
7 8 0.566843
6 5 0.577943
6 8 0.645730
2 8 0.641219
7 6 0.613076
8 1 0.551670
6 2 0.558955
6 5 0.561234
3 1 0.647646
6 5 0.546717
1 5 0.617090
8 4 0.556569
3 5 0.597573
3 1 0.599429
3 1 0.552196
7 3 0.601644
1 4 0.646050
3 6 0.561099
1 8 0.594544
6 3 0.562497
6 2 0.577723
7 4 0.565764
4 6 0.582697
7 4 0.601128
5 8 0.640422
4 6 0.607435
6 4 0.550112
2 8 0.625733
8 4 0.644861
8 6 0.590997
2 7 0.621448
5 7 0.634735
8 1 0.588021
4 1 0.610332
2 6 0.615240
1 6 0.609139
3 1 0.644306
3 4 0.585001
7 1 0.629409
4 3 0.608716
3 5 0.628109
2 1 0.546103
5 7 0.640772
7 1 0.633066
2 3 0.643944
1 8 0.624495
2 1 0.601912
4 8 0.550613
2 8 0.550388
7 6 0.603306
5 7 0.605445
4 1 0.580918
1 5 0.578562
3 2 0.593406
4 3 0.636761
3 1 0.618943
3 6 0.614604
1 5 0.631362
7 6 0.581277
5 1 0.578363
2 7 0.577717
3 7 0.606987
6 4 0.544859
3 1 0.620920
7 2 0.601629
6 5 0.562783
4 3 0.546736
5 2 0.616066
3 5 0.625124
5 8 0.585838
7 1 0.601654
4 1 0.574076
6 7 0.614099
5 1 0.627396
3 5 0.617765
2 7 0.590232
4 8 0.575302
7 2 0.633316
3 5 0.608985
7 2 0.590700
1 8 0.620155
1 3 0.578721
1 2 0.636580
6 4 0.560344
8 4 0.620093
6 2 0.624145
6 8 0.629392
4 2 0.579040
5 2 0.575663
3 8 0.591397
5 7 0.585547
7 2 0.558778
5 4 0.583128
5 8 0.615927
3 1 0.543020
8 2 0.617747
5 1 0.617122
7 4 0.636485
8 5 0.611194
7 4 0.547632
8 2 0.588605
6 3 0.599010
4 3 0.600197
2 5 0.577747
3 5 0.599781
3 6 0.600017
2 7 0.578167
3 6 0.630580
8 5 0.645724
7 4 0.629577
5 2 0.625669
1 3 0.542671
1 3 0.631509
8 7 0.622222
1 8 0.582453
3 7 0.625062
6 5 0.594343
2 1 0.544932
5 7 0.641325
5 2 0.574297
2 7 0.641745
2 7 0.634147
7 2 0.623424
5 7 0.542372
3 4 0.622943
5 4 0.595206
7 2 0.602574
3 2 0.547633
8 3 0.619060
1 8 0.617709
6 3 0.629801
3 7 0.643717
3 5 0.594123
6 5 0.629545
8 6 0.611577
3 5 0.611377
7 8 0.619358
6 3 0.619678
6 7 0.603652
1 6 0.552454
1 7 0.622383
5 4 0.558315
7 8 0.566487
7 3 0.608777
8 4 0.565117
6 7 0.595894
5 2 0.541608
8 2 0.584424
3 6 0.554906
5 3 0.615894
2 7 0.600696
4 8 0.559417
6 5 0.573783
2 5 0.630098
1 4 0.618658
2 5 0.631484
5 2 0.635823
1 5 0.599526
3 8 0.592662
5 7 0.629740
8 3 0.602531
3 5 0.590787
2 8 0.547946
6 8 0.569169
5 2 0.627314
1 7 0.545093
5 4 0.636789
3 5 0.606499
5 6 0.566871
8 2 0.582935
3 7 0.585171
8 7 0.624178
6 7 0.551424
4 7 0.560879
7 1 0.574359
1 2 0.579724
7 1 0.552017
6 1 0.567815
6 4 0.569145
4 5 0.546428
1 2 0.544508
6 4 0.570135
4 2 0.632039
6 4 0.642454
1 5 0.559882
8 3 0.628794
5 1 0.626960
4 8 0.586529
4 8 0.621725
1 5 0.631525
6 4 0.544696
8 7 0.588909
4 6 0.600140
4 6 0.576913
8 6 0.607177
8 1 0.611095
5 7 0.631232
2 1 0.568513
4 6 0.558583
2 1 0.561911
8 6 0.573557
2 6 0.639259
6 8 0.612654
5 1 0.595800
6 7 0.625091
5 2 0.560334
8 1 0.643403
5 4 0.553969
6 8 0.581663
3 8 0.581471
3 2 0.627038
8 4 0.587955
4 3 0.599269
1 5 0.574423
8 6 0.586242
8 3 0.543283
6 4 0.615108
2 4 0.569318
2 4 0.568944
4 2 0.572323
3 4 0.606456
7 8 0.568956
1 3 0.568631
1 6 0.625451
3 6 0.554493
2 6 0.645111
8 2 0.611671
5 4 0.543440
6 2 0.568455
4 5 0.619574
1 7 0.613051
7 1 0.541943
2 4 0.542449
3 8 0.631379
8 5 0.596558
5 6 0.592944
5 8 0.629022
7 2 0.604270
3 6 0.642863
3 7 0.543563
6 8 0.547335
1 8 0.634017
8 1 0.643581
8 5 0.643314
8 3 0.624272
5 4 0.582964
3 5 0.575264
1 8 0.618749
5 4 0.635153
6 3 0.598102
3 2 0.583610
5 1 0.645205
5 8 0.605435
7 5 0.615325
1 4 0.561345
4 6 0.569343
7 2 0.643566
5 7 0.549534
8 6 0.626100
7 4 0.549925
2 6 0.605774
4 6 0.611543
2 5 0.547054
3 2 0.632435
1 4 0.577096
8 6 0.588954
1 2 0.643663
6 8 0.589884
7 1 0.635148
8 7 0.563054
3 5 0.624474
5 8 0.544775
7 1 0.642396
7 6 0.543285
1 6 0.627144
4 5 0.613718
8 4 0.583492
5 8 0.575912
2 5 0.629316
5 8 0.573508
3 2 0.597341
3 2 0.610570
1 8 0.647771
1 7 0.643627
6 3 0.597713
2 6 0.643926
4 6 0.638468
5 2 0.558150
5 6 0.642914
5 8 0.641687
6 3 0.585307
8 6 0.577626
1 8 0.622599
5 4 0.645875
7 2 0.587576
7 1 0.563103
1 6 0.621327
7 1 0.570733
5 4 0.595182
2 8 0.600091
5 4 0.574454
3 7 0.587012
3 6 0.577415
6 2 0.631668
5 7 0.602117
7 8 0.556343
8 5 0.628114
7 4 0.591566
8 3 0.631291
7 2 0.621466
5 7 0.640201
2 6 0.629118
7 4 0.615841
3 8 0.611321
4 3 0.613517
8 7 0.642514
4 2 0.644828
8 2 0.559142
6 4 0.625676
7 4 0.582615
5 4 0.636296
3 5 0.602623
3 6 0.601149
7 6 0.627056
3 4 0.646544
4 2 0.627583
8 4 0.570988
5 4 0.566385
7 6 0.605867
5 6 0.563370
2 3 0.572928
2 7 0.559446
4 3 0.634205
7 4 0.600627
1 6 0.639624
7 5 0.598432
1 2 0.589209
5 2 0.545090
5 7 0.558389
2 1 0.576876
2 6 0.633437
3 6 0.551670
3 5 0.561622
7 6 0.557479
2 3 0.636496
2 4 0.629885
8 4 0.563560
5 7 0.573355
7 5 0.585619
8 5 0.584017
5 7 0.628465
3 6 0.633009
6 2 0.618109
5 2 0.618893
3 8 0.593490
3 4 0.560748
8 2 0.589349
5 8 0.646099
4 6 0.584705
2 6 0.546890
4 5 0.613033
7 8 0.617704
5 1 0.580393
8 5 0.565188
2 7 0.587581
7 6 0.597469
1 8 0.615097
5 3 0.588922
2 3 0.590037
4 2 0.635404
5 1 0.604251
3 6 0.611686
1 3 0.626240
1 4 0.555895
3 4 0.636045
2 6 0.636683
2 7 0.579179
2 7 0.558307
4 3 0.645960
2 5 0.636812
6 8 0.542361
4 8 0.646208
6 4 0.594038
6 4 0.604939
3 2 0.544611
4 1 0.592330
8 5 0.571726
6 8 0.593014
3 8 0.617687
3 6 0.566395
1 5 0.614833
3 8 0.615378
5 2 0.641046
2 8 0.639838
2 1 0.585017
5 6 0.559834
5 2 0.600671
7 6 0.646205
5 4 0.607315
6 3 0.561203
8 3 0.590265
6 8 0.585540
1 3 0.637740
8 5 0.544687
7 1 0.614402
6 1 0.561619
8 4 0.562692
7 4 0.558940
5 1 0.580389
4 7 0.584676
3 6 0.590760
5 6 0.551073
3 6 0.551647
6 2 0.570113
6 5 0.555495
5 8 0.610594
2 8 0.586747
8 4 0.574153
5 3 0.571602
8 5 0.615299
2 5 0.629147
6 2 0.548809
7 2 0.585513
8 1 0.574068
4 5 0.550490
8 5 0.633540
1 3 0.632544
8 2 0.643139
8 1 0.626117
1 3 0.587360
8 1 0.640917
3 1 0.581683
2 8 0.603971
6 8 0.618082
3 4 0.611074
1 2 0.624680
2 1 0.579802
5 8 0.601322
1 8 0.586709
2 3 0.551944
8 7 0.548506
5 6 0.596233
8 5 0.635734
3 2 0.642799
1 5 0.612324
3 6 0.621435
4 6 0.612677
6 4 0.625114
7 1 0.570330
1 4 0.556995
8 1 0.643329
5 2 0.601630
6 2 0.583262
2 8 0.621784
2 8 0.575362
3 7 0.642964
5 6 0.590913
6 7 0.547756
6 1 0.598066
1 5 0.639724
1 6 0.624696
8 4 0.624977
7 2 0.574790
