15 386
9 10 0.700572
12 9 0.671859
2 11 0.495603
6 2 0.643746
1 12 0.582569
12 5 0.509915
9 11 0.342798
13 15 0.744915
11 14 0.594845
2 9 0.585311
15 7 0.762364
4 9 0.678607
12 7 0.746008
3 9 0.442677
1 6 0.450404
6 2 0.329235
5 9 0.787184
13 8 0.438741
1 6 0.426179
4 2 0.356302
11 12 0.333988
6 8 0.615242
14 3 0.553334
5 9 0.569233
12 10 0.655393
2 13 0.319346
6 13 0.471615
5 11 0.474860
4 11 0.489773
13 9 0.323716
9 13 0.598829
11 14 0.418240
3 7 0.321178
6 1 0.772289
2 5 0.357484
1 11 0.621261
14 10 0.659447
15 12 0.672188
8 13 0.694145
8 7 0.722354
5 13 0.689613
12 3 0.425226
1 14 0.662635
7 15 0.348330
13 9 0.368528
3 5 0.713994
7 15 0.660646
15 9 0.410446
1 6 0.356133
7 15 0.349495
6 2 0.464347
10 12 0.729082
6 9 0.334077
5 6 0.612065
7 12 0.345098
9 14 0.732958
5 9 0.623873
5 12 0.578275
13 1 0.748408
10 9 0.496270
11 8 0.609018
3 12 0.447571
4 1 0.318497
15 7 0.506350
13 5 0.664878
8 9 0.789296
12 5 0.666636
13 6 0.489806
3 1 0.732877
9 4 0.571991
12 10 0.386659
9 5 0.776986
13 7 0.662659
13 12 0.513287
8 6 0.768335
9 12 0.673779
7 8 0.319099
10 6 0.383316
14 5 0.698235
12 2 0.765846
14 3 0.446801
7 4 0.541946
7 15 0.440617
5 3 0.385609
12 2 0.714618
10 11 0.363058
6 12 0.530164
11 9 0.765522
9 13 0.404295
2 9 0.381293
11 9 0.750558
4 14 0.604755
2 12 0.620606
14 13 0.773910
11 13 0.414126
12 3 0.637222
11 10 0.680130
15 6 0.467593
1 12 0.435386
5 10 0.473092
6 12 0.331497
12 15 0.675188
11 3 0.663808
9 13 0.752708
15 1 0.711997
12 2 0.441480
13 9 0.374147
12 10 0.529388
12 9 0.620707
11 7 0.764966
11 10 0.707898
6 13 0.315402
11 4 0.684919
6 1 0.640748
4 9 0.666162
1 8 0.389109
7 15 0.612220
11 5 0.523489
4 3 0.364410
12 11 0.736094
13 12 0.313832
12 13 0.429906
7 12 0.654048
11 12 0.638562
3 7 0.555896
9 5 0.348602
14 7 0.761563
7 5 0.377178
2 14 0.585909
4 11 0.372466
8 5 0.648079
6 12 0.377881
9 5 0.649074
12 4 0.391956
2 12 0.357528
11 13 0.780043
5 2 0.595989
9 10 0.426197
2 12 0.396847
14 3 0.676123
5 2 0.486460
13 8 0.549180
12 4 0.528667
7 13 0.693665
15 6 0.538545
6 12 0.655509
10 15 0.469820
9 6 0.547547
15 4 0.534721
5 14 0.703107
2 13 0.747184
1 4 0.696940
10 7 0.764212
13 15 0.622293
13 12 0.474371
7 15 0.348402
1 14 0.562994
7 4 0.642077
4 9 0.537534
6 1 0.561154
6 10 0.459726
2 1 0.649815
7 14 0.632989
2 13 0.338007
7 13 0.455674
2 5 0.585912
10 11 0.617461
5 4 0.645056
3 10 0.608625
9 3 0.399550
13 9 0.742395
11 8 0.727828
7 11 0.702934
5 15 0.529090
8 3 0.662293
3 11 0.353735
2 11 0.452716
5 13 0.617825
1 7 0.354607
13 12 0.706092
3 5 0.697367
11 7 0.742939
4 9 0.526020
7 9 0.597714
13 1 0.456778
1 11 0.667833
8 13 0.608137
9 15 0.384515
13 9 0.570843
6 1 0.476274
7 4 0.465094
5 9 0.652161
12 6 0.679243
15 11 0.448084
10 7 0.615745
12 9 0.379786
3 14 0.327192
10 15 0.619888
8 13 0.626946
1 6 0.460993
1 11 0.365108
12 5 0.744461
4 15 0.479809
15 6 0.482355
7 2 0.728602
15 13 0.355103
5 13 0.359420
12 6 0.379486
4 10 0.549798
9 11 0.532070
8 10 0.541398
4 2 0.697183
14 7 0.499351
2 3 0.529647
3 5 0.649989
3 13 0.656743
3 14 0.735969
5 2 0.784580
9 3 0.607441
14 15 0.413855
10 15 0.602041
13 12 0.691692
5 14 0.608068
12 4 0.366052
5 12 0.668756
2 6 0.453439
15 10 0.680803
2 15 0.328336
15 3 0.492063
5 6 0.631156
15 12 0.400585
2 12 0.546476
5 11 0.589383
5 3 0.384967
10 5 0.339354
6 10 0.745659
11 5 0.402829
9 7 0.321445
15 6 0.504486
4 8 0.753115
7 6 0.679689
9 4 0.674048
3 10 0.744180
7 13 0.633587
7 9 0.399605
6 7 0.744980
14 13 0.394609
15 4 0.378384
14 2 0.490118
10 13 0.679068
4 14 0.765246
7 14 0.433571
7 11 0.464073
8 9 0.440375
6 1 0.431727
14 7 0.507054
5 1 0.334015
1 15 0.620342
7 3 0.735120
15 9 0.379851
6 12 0.421294
7 9 0.756923
9 11 0.551699
11 10 0.460122
11 4 0.383395
2 14 0.733021
7 14 0.554798
7 8 0.660284
12 5 0.498587
2 4 0.543681
7 13 0.383656
11 1 0.439776
8 6 0.633149
4 13 0.517515
13 9 0.718860
9 14 0.779785
3 14 0.587216
3 6 0.644361
5 4 0.360448
6 13 0.730174
9 8 0.722745
11 7 0.544892
8 14 0.387767
9 1 0.567656
2 8 0.486822
15 4 0.504425
3 11 0.639793
7 2 0.578179
7 3 0.407455
7 3 0.744840
10 3 0.544500
4 2 0.575735
1 6 0.427584
8 11 0.711999
6 1 0.491897
6 12 0.330611
13 15 0.678254
12 4 0.515147
15 6 0.641199
1 11 0.770372
15 10 0.670344
5 2 0.766749
8 2 0.552562
15 4 0.461636
6 8 0.337661
14 6 0.468994
5 3 0.321257
8 9 0.341400
3 11 0.612518
1 2 0.745674
10 4 0.716681
1 4 0.771242
5 11 0.551020
11 1 0.560609
11 13 0.733772
5 10 0.626601
15 6 0.368646
11 7 0.476517
7 14 0.450065
7 9 0.673407
14 12 0.395114
3 12 0.545680
12 9 0.316383
10 4 0.641983
15 7 0.699470
1 2 0.377848
15 9 0.480289
9 3 0.575534
10 1 0.489149
3 15 0.780751
3 12 0.715228
10 9 0.715809
9 2 0.374204
5 6 0.767364
6 8 0.719659
5 1 0.481316
12 11 0.752804
13 1 0.577825
1 13 0.788012
15 8 0.505063
12 10 0.727459
5 10 0.736896
14 7 0.762110
6 11 0.469212
3 14 0.726764
6 8 0.773925
15 13 0.560908
8 15 0.766872
12 10 0.489473
6 4 0.313143
15 1 0.621931
4 5 0.643222
12 2 0.782704
3 9 0.442921
10 6 0.313790
15 8 0.613348
7 2 0.560184
10 4 0.320204
12 7 0.467029
5 1 0.436603
2 1 0.735940
4 14 0.390841
6 4 0.433010
8 6 0.538067
4 12 0.687412
1 11 0.702040
6 8 0.492920
12 13 0.645296
12 8 0.315207
8 6 0.593236
8 15 0.782680
10 13 0.526448
13 5 0.755637
13 2 0.541167
11 1 0.433545
4 3 0.396611
5 10 0.702189
8 6 0.690490
7 4 0.381754
4 14 0.313635
15 14 0.519784
7 1 0.474915
13 12 0.436137
2 7 0.529119
12 8 0.374725
4 8 0.441682
