3 515
2 1 0.453001
1 2 0.378703
1 2 0.384897
2 3 0.439050
2 1 0.447940
3 1 0.330366
3 2 0.306644
2 3 0.459102
2 3 0.289092
3 1 0.431958
1 3 0.382459
1 2 0.427019
1 3 0.357264
3 1 0.503098
3 1 0.428855
2 1 0.449907
3 2 0.338190
1 3 0.497361
1 2 0.400392
3 2 0.427274
3 1 0.472677
1 2 0.359999
2 3 0.436751
1 2 0.487577
1 3 0.482435
2 3 0.377056
3 1 0.422688
3 2 0.359609
2 1 0.383584
1 3 0.416547
1 3 0.354653
1 3 0.498237
2 3 0.328196
3 2 0.378111
1 3 0.485852
3 2 0.414496
2 3 0.375227
3 1 0.436674
1 3 0.425730
3 1 0.481887
2 1 0.391486
3 2 0.354437
3 2 0.507923
3 2 0.341045
1 2 0.490615
3 1 0.461534
2 3 0.487233
2 3 0.481931
3 1 0.431705
2 1 0.377417
1 3 0.491079
1 2 0.476984
2 3 0.397671
2 1 0.378547
3 2 0.314276
1 2 0.500862
3 1 0.409197
2 1 0.449843
3 1 0.481780
3 2 0.295943
2 1 0.412721
2 3 0.494196
1 2 0.468152
3 2 0.513741
1 3 0.303894
1 3 0.374341
3 1 0.316084
1 3 0.403876
1 3 0.310712
3 1 0.363871
2 3 0.468381
1 2 0.375676
3 1 0.305549
1 3 0.377264
1 3 0.480772
1 3 0.367027
3 2 0.457980
3 1 0.457967
2 3 0.333589
1 2 0.463057
2 3 0.484447
2 3 0.325375
1 3 0.321052
1 3 0.322939
2 1 0.455474
3 1 0.415976
3 1 0.479601
3 2 0.426887
3 1 0.329330
3 1 0.305365
2 1 0.462255
2 1 0.407063
1 2 0.291087
3 1 0.397100
1 2 0.449593
3 2 0.480767
1 2 0.456550
2 3 0.297933
2 1 0.297392
3 2 0.487626
1 2 0.478946
2 3 0.330175
3 1 0.336991
1 3 0.410095
2 1 0.327725
2 3 0.327109
2 3 0.360820
1 3 0.334952
3 2 0.300106
3 1 0.459239
2 1 0.485645
3 2 0.403410
3 1 0.439959
3 2 0.339929
3 1 0.387166
2 3 0.439305
2 1 0.419485
3 2 0.461647
1 3 0.397477
2 3 0.429626
3 1 0.301534
2 1 0.467559
1 3 0.450923
3 2 0.514020
3 2 0.355796
3 1 0.493039
3 2 0.408020
2 3 0.441982
2 3 0.489515
2 1 0.292494
2 1 0.336920
2 1 0.496938
1 2 0.433714
3 2 0.340362
2 3 0.402113
2 1 0.373509
3 2 0.358616
1 2 0.332370
1 2 0.325501
3 2 0.484221
1 3 0.381344
1 3 0.361686
2 3 0.367158
3 1 0.290341
2 3 0.491778
2 3 0.397781
1 2 0.350748
3 1 0.496484
1 2 0.492113
1 2 0.474430
2 3 0.328079
1 3 0.294483
1 3 0.303014
2 3 0.331524
2 3 0.404700
2 1 0.368957
1 3 0.442053
3 1 0.505820
3 1 0.296707
3 2 0.449902
1 2 0.356208
3 2 0.420115
3 2 0.397159
3 1 0.310754
1 2 0.410135
2 1 0.385777
1 3 0.416224
1 2 0.452179
3 1 0.296716
2 1 0.436888
2 1 0.334866
1 2 0.494049
3 2 0.501155
1 3 0.456486
3 2 0.461072
1 3 0.503312
3 1 0.498995
3 2 0.292488
1 3 0.481400
2 1 0.432088
3 2 0.464278
2 3 0.460258
1 3 0.297622
1 2 0.372070
3 1 0.491799
1 3 0.434394
3 1 0.461937
3 1 0.502135
1 3 0.383909
2 3 0.414205
1 3 0.402107
3 1 0.410395
3 1 0.461961
2 1 0.376739
1 3 0.403948
2 3 0.420474
2 3 0.422771
1 2 0.404571
1 3 0.342229
3 1 0.500120
1 2 0.454577
3 1 0.490048
2 1 0.488566
1 2 0.386156
2 3 0.401470
1 2 0.357215
2 1 0.336297
2 1 0.303016
3 1 0.487607
3 2 0.493049
2 3 0.293966
1 3 0.374454
2 1 0.315262
1 3 0.298525
3 1 0.393398
1 3 0.394237
3 2 0.482298
1 2 0.292939
3 2 0.322912
3 2 0.314586
2 1 0.334405
1 2 0.286453
1 3 0.429671
2 1 0.286474
2 3 0.450160
1 2 0.463256
2 3 0.320223
1 3 0.509799
2 1 0.382610
2 1 0.365414
3 2 0.392177
2 1 0.416364
2 3 0.411349
2 3 0.429679
1 2 0.467281
1 2 0.314997
2 1 0.408943
2 1 0.317001
3 2 0.356564
2 1 0.382429
2 1 0.399396
1 3 0.369284
3 1 0.298522
2 1 0.334314
2 1 0.492115
3 2 0.428112
1 2 0.304094
1 2 0.440405
3 1 0.331376
2 1 0.298880
3 2 0.443365
1 2 0.316019
3 2 0.472192
1 2 0.479061
3 2 0.346543
1 2 0.310864
1 2 0.469538
1 2 0.508338
2 1 0.494246
2 1 0.496967
3 2 0.434356
2 1 0.496196
1 3 0.454669
1 2 0.469466
3 1 0.424285
3 2 0.434902
1 3 0.398621
1 2 0.307344
2 3 0.334846
3 1 0.361758
3 2 0.307146
2 3 0.375792
2 1 0.466833
2 3 0.391392
1 3 0.331016
2 3 0.430013
2 1 0.506435
2 1 0.370404
3 2 0.334927
1 2 0.376222
1 3 0.479681
2 3 0.434615
3 2 0.500809
3 2 0.290554
1 3 0.372528
1 3 0.448817
3 2 0.357806
2 3 0.483435
1 2 0.310115
3 1 0.427689
1 3 0.457502
2 1 0.316359
2 3 0.472025
1 2 0.461806
1 3 0.384648
3 1 0.430997
2 3 0.464978
1 3 0.346189
1 2 0.408187
2 1 0.512600
1 3 0.329047
3 2 0.327588
1 2 0.345236
3 1 0.355466
1 2 0.415094
3 2 0.457705
1 2 0.469707
2 1 0.485953
2 3 0.469860
1 3 0.310927
1 3 0.400110
1 2 0.378084
3 1 0.439664
3 1 0.343471
1 2 0.501149
3 2 0.288534
1 2 0.292711
3 2 0.396460
2 3 0.313528
3 1 0.387282
3 2 0.481198
3 2 0.502772
2 3 0.414300
1 2 0.511767
3 2 0.510936
1 2 0.398573
3 1 0.364148
3 2 0.423657
1 2 0.485135
3 2 0.342420
2 3 0.399755
1 3 0.378693
1 2 0.401809
2 1 0.338357
1 3 0.434438
3 2 0.398580
2 1 0.454357
3 1 0.484526
2 1 0.441049
2 3 0.454599
1 2 0.289223
1 3 0.407092
1 3 0.469910
3 2 0.477323
3 2 0.453300
3 1 0.467222
2 3 0.432860
3 2 0.343633
3 1 0.497070
1 2 0.301585
3 2 0.399417
3 1 0.313617
3 1 0.356814
2 1 0.377728
1 2 0.434038
3 2 0.357983
2 1 0.422142
1 2 0.417935
3 1 0.353873
1 2 0.427803
1 2 0.429843
3 1 0.374064
1 2 0.352274
3 1 0.466427
1 2 0.475589
3 2 0.384359
2 3 0.400262
1 3 0.467827
1 3 0.389171
3 2 0.415571
2 1 0.354408
2 1 0.489188
2 1 0.453060
2 1 0.453433
1 2 0.381349
1 2 0.488001
1 2 0.293160
1 2 0.394971
3 2 0.313058
3 2 0.391675
3 1 0.300004
3 1 0.341314
2 3 0.438252
3 2 0.436591
2 1 0.383172
2 3 0.438175
1 3 0.486955
3 2 0.424986
1 3 0.476918
1 3 0.291202
3 2 0.449975
1 2 0.397540
3 1 0.453654
3 2 0.411740
2 3 0.503228
3 2 0.351190
2 1 0.305585
3 2 0.453392
3 1 0.459763
1 2 0.487191
3 1 0.482648
3 1 0.341227
2 1 0.317135
1 3 0.428101
2 1 0.289492
2 1 0.348793
1 2 0.433144
3 1 0.422779
3 1 0.370525
1 3 0.305715
2 1 0.321693
3 2 0.394391
3 2 0.492342
2 3 0.426128
1 2 0.451539
3 1 0.442753
1 2 0.394066
1 3 0.448680
2 1 0.338536
2 3 0.437141
1 3 0.286193
2 1 0.354029
3 1 0.456760
3 2 0.489065
1 3 0.320024
1 2 0.377722
2 3 0.343244
3 1 0.511453
2 1 0.290321
1 2 0.301871
3 1 0.313400
2 1 0.339747
1 3 0.370243
1 3 0.476159
3 2 0.319218
1 3 0.387484
1 2 0.307667
2 1 0.287103
3 2 0.399692
1 2 0.310147
3 2 0.480441
3 2 0.334208
1 3 0.348172
2 3 0.389975
2 1 0.441902
1 2 0.325690
2 1 0.440271
3 2 0.338129
1 3 0.342822
3 2 0.479789
1 3 0.477713
2 1 0.332482
1 3 0.333596
3 2 0.299414
2 3 0.406571
3 1 0.349212
3 1 0.296428
2 3 0.442435
2 3 0.348826
2 3 0.377394
3 2 0.337494
3 2 0.509765
2 3 0.350818
1 3 0.477270
2 1 0.342194
2 1 0.301647
1 3 0.507782
3 2 0.417371
3 2 0.346967
2 1 0.358039
2 1 0.385322
3 1 0.433040
3 1 0.507255
3 1 0.460521
1 2 0.366219
3 1 0.511256
1 3 0.359245
3 1 0.382176
1 3 0.429981
2 1 0.502572
3 1 0.434992
2 1 0.346207
2 3 0.404844
3 1 0.353543
2 1 0.471261
1 3 0.469800
3 1 0.362310
1 3 0.460756
3 2 0.496647
1 3 0.449387
1 3 0.426595
3 2 0.324721
3 1 0.505685
3 1 0.421467
2 3 0.496650
3 1 0.306721
2 1 0.315773
1 3 0.458181
3 1 0.513638
3 2 0.512569
1 2 0.339063
1 3 0.439641
3 2 0.404375
3 1 0.312807
1 3 0.442323
1 2 0.370342
2 1 0.406392
2 3 0.318014
2 3 0.495214
3 1 0.444974
2 3 0.385429
2 3 0.397688
3 1 0.322354
1 3 0.331726
1 2 0.306060
