8 483
3 2 0.614412
6 4 0.615548
3 7 0.611400
4 2 0.615487
4 6 0.616431
4 6 0.631380
5 6 0.630676
1 4 0.622504
5 2 0.616731
5 7 0.624919
5 6 0.623686
8 5 0.636083
7 1 0.634789
3 1 0.634474
2 6 0.614393
4 1 0.636271
2 4 0.629695
6 8 0.612474
7 3 0.628272
4 7 0.629343
1 7 0.619977
2 8 0.614307
3 7 0.618153
5 1 0.632210
7 1 0.626634
7 1 0.610801
8 4 0.632142
4 6 0.629915
6 1 0.635285
4 7 0.635251
5 8 0.632252
2 7 0.615807
8 6 0.612434
8 1 0.612993
5 3 0.612289
7 3 0.620677
6 5 0.631203
7 6 0.629052
2 4 0.628824
2 6 0.617835
2 1 0.621570
5 7 0.615513
3 4 0.618915
1 5 0.625780
8 4 0.621495
1 6 0.611924
2 6 0.627033
2 7 0.636344
7 2 0.617907
2 1 0.626442
4 2 0.622178
6 7 0.632787
3 4 0.618234
7 8 0.617738
2 7 0.629284
3 5 0.633955
4 2 0.624987
3 4 0.618376
4 8 0.629511
1 2 0.626287
4 7 0.621517
1 6 0.611202
6 5 0.613223
7 1 0.624492
3 4 0.617763
1 4 0.632263
4 8 0.615982
3 6 0.614222
4 1 0.611982
6 4 0.625595
8 6 0.631539
4 2 0.616748
2 8 0.613257
2 3 0.632205
2 4 0.630081
1 3 0.634019
2 1 0.620632
7 2 0.636722
7 5 0.618768
3 1 0.619890
7 8 0.613747
1 7 0.623566
2 6 0.611881
1 5 0.626631
6 2 0.626010
4 3 0.622936
4 6 0.618750
5 7 0.629112
6 7 0.631288
3 1 0.627715
1 3 0.619759
6 7 0.610982
7 6 0.633778
3 2 0.612430
5 7 0.632171
5 2 0.630797
4 6 0.610539
3 2 0.614085
8 5 0.624851
4 1 0.620242
4 3 0.620156
6 1 0.617092
7 3 0.631782
4 8 0.614601
5 1 0.611598
5 8 0.611200
7 3 0.630232
1 2 0.624025
4 2 0.626869
2 7 0.627735
6 4 0.611400
3 2 0.633485
5 7 0.629091
1 2 0.626889
8 5 0.622215
2 1 0.631671
5 8 0.629949
5 7 0.633627
6 1 0.613137
4 7 0.633088
4 6 0.617822
2 1 0.612166
1 7 0.615014
2 8 0.626878
2 5 0.612262
7 8 0.621857
5 2 0.626733
3 4 0.612959
2 7 0.626111
8 6 0.624477
7 4 0.635822
6 7 0.615767
3 2 0.633336
6 2 0.613849
2 3 0.621115
7 5 0.611937
3 2 0.611305
8 7 0.625267
2 4 0.614392
6 1 0.633248
6 7 0.611744
7 6 0.621739
1 2 0.623363
7 4 0.614490
2 8 0.622493
3 7 0.628952
4 8 0.619008
8 1 0.628793
3 1 0.634844
6 7 0.626980
3 1 0.627835
1 6 0.622811
6 7 0.635016
7 1 0.614387
8 4 0.617793
6 3 0.622516
5 1 0.624302
5 1 0.628939
6 3 0.630800
6 1 0.636466
3 6 0.614176
5 7 0.617166
7 8 0.615517
3 7 0.616499
1 4 0.636187
2 5 0.636284
1 7 0.628519
6 7 0.636417
7 8 0.623328
2 8 0.618268
3 1 0.621533
5 6 0.626781
2 8 0.621907
1 5 0.628597
2 1 0.624978
1 7 0.610618
3 4 0.634468
6 7 0.627743
5 3 0.631358
4 1 0.614496
1 7 0.611134
5 8 0.631569
5 2 0.633333
6 3 0.613158
5 8 0.633273
1 8 0.631181
8 4 0.611913
8 7 0.616907
6 1 0.613285
3 4 0.631933
2 6 0.620303
8 3 0.623088
4 5 0.621586
7 8 0.618235
7 3 0.624227
8 7 0.622585
7 5 0.621826
7 4 0.614219
8 4 0.611314
8 4 0.613952
4 6 0.636493
8 3 0.622254
3 7 0.620030
8 1 0.623588
8 1 0.630723
4 1 0.620400
3 1 0.636035
7 3 0.624003
1 3 0.634047
1 7 0.632540
7 4 0.624081
3 5 0.615834
6 4 0.611246
6 1 0.622602
7 8 0.620305
7 8 0.621765
3 7 0.613078
4 2 0.631095
3 2 0.621586
7 4 0.628936
2 4 0.633080
8 4 0.630965
8 4 0.636188
7 8 0.634502
2 3 0.631943
7 3 0.622722
4 2 0.632933
4 2 0.612107
7 3 0.633347
3 8 0.611843
8 7 0.616278
6 1 0.636446
4 3 0.625926
7 6 0.624033
3 1 0.613597
5 2 0.612197
1 2 0.620183
5 2 0.625652
7 5 0.614279
2 8 0.632579
7 4 0.627047
1 5 0.632467
3 4 0.625435
4 7 0.623602
3 7 0.629521
4 2 0.616795
2 5 0.619466
5 4 0.617738
1 4 0.632050
6 7 0.627707
4 7 0.633638
8 5 0.631502
3 2 0.631874
3 2 0.621311
6 5 0.621506
4 1 0.619598
8 6 0.613645
4 5 0.634805
5 3 0.619567
2 8 0.635243
2 1 0.621295
2 5 0.632930
8 5 0.618057
8 1 0.630594
1 4 0.633408
4 1 0.624949
2 5 0.622302
7 5 0.625630
8 1 0.626465
5 1 0.612654
2 7 0.618545
5 6 0.621324
3 8 0.621607
6 7 0.636347
6 5 0.615256
3 5 0.612385
3 1 0.632563
2 4 0.622772
6 8 0.632506
3 6 0.632894
3 7 0.621413
1 6 0.622582
1 7 0.631185
1 4 0.636419
8 5 0.627378
1 6 0.616281
5 6 0.635158
6 2 0.635070
8 5 0.617695
1 6 0.612276
1 5 0.615876
8 2 0.622032
6 7 0.632107
1 6 0.628103
3 5 0.614598
8 7 0.624554
6 3 0.614023
4 2 0.629435
4 6 0.634148
8 1 0.636241
1 5 0.626297
1 4 0.631646
6 7 0.626546
8 5 0.615480
4 7 0.611172
3 2 0.611195
3 4 0.627518
7 6 0.623194
6 7 0.633906
5 4 0.627468
8 7 0.618740
6 7 0.617480
7 5 0.631445
1 7 0.624244
3 5 0.618726
4 6 0.619004
7 2 0.636693
4 3 0.622354
4 7 0.614637
6 7 0.630617
1 4 0.632530
4 3 0.635774
7 6 0.625099
1 7 0.628884
8 1 0.628248
1 2 0.632825
7 2 0.633099
3 7 0.633907
1 4 0.625240
3 2 0.625730
7 1 0.614212
4 8 0.611768
6 7 0.623978
1 5 0.629339
8 4 0.635033
5 7 0.634146
2 1 0.630515
5 4 0.613185
4 3 0.615493
7 8 0.633597
2 8 0.616091
3 4 0.624770
2 6 0.631780
5 6 0.634239
2 4 0.628780
1 2 0.621763
5 7 0.610567
2 6 0.631561
8 3 0.625533
4 5 0.612641
3 7 0.616270
8 2 0.619552
3 6 0.635515
4 2 0.623144
8 2 0.634929
5 4 0.621051
2 3 0.633842
6 4 0.625703
6 2 0.620117
2 5 0.614623
2 6 0.635000
3 8 0.629721
3 7 0.628755
8 4 0.613375
7 8 0.615881
7 3 0.624396
8 1 0.622212
1 6 0.613556
8 3 0.631593
8 4 0.631190
2 5 0.620206
6 4 0.619811
3 7 0.628341
4 7 0.617585
4 2 0.633860
3 1 0.623061
2 5 0.632638
3 1 0.615333
5 4 0.633001
6 7 0.623338
4 2 0.628769
8 3 0.612574
3 6 0.635379
6 8 0.634492
7 2 0.626959
4 2 0.623718
8 3 0.632488
5 4 0.628293
3 8 0.632965
7 4 0.617295
8 6 0.622431
1 5 0.618857
3 6 0.614804
8 4 0.617903
3 2 0.615122
6 7 0.630382
5 8 0.618424
8 1 0.611055
2 6 0.626413
1 5 0.617595
1 6 0.614657
6 5 0.617868
4 3 0.635758
3 6 0.619670
8 4 0.618660
8 6 0.636189
3 7 0.614816
3 1 0.620645
4 3 0.630923
6 3 0.612309
4 7 0.623744
5 6 0.628612
8 2 0.631526
4 1 0.631133
7 5 0.610851
7 5 0.627060
6 5 0.630613
7 4 0.613505
6 4 0.613125
8 7 0.623213
8 5 0.616280
6 3 0.618142
5 1 0.629657
2 7 0.615786
8 5 0.610834
3 5 0.615559
4 5 0.627717
5 1 0.636490
6 3 0.616062
5 1 0.622373
8 3 0.611557
8 3 0.632616
1 8 0.620921
4 7 0.622946
7 6 0.621549
2 3 0.612278
1 3 0.619453
7 6 0.631409
4 2 0.613506
6 1 0.625030
3 6 0.623619
7 3 0.629660
8 1 0.631732
2 4 0.625868
1 5 0.619450
4 1 0.624637
3 4 0.611349
5 7 0.617952
2 7 0.635597
8 1 0.617896
3 8 0.625682
5 2 0.614650
7 2 0.622027
5 7 0.623747
1 8 0.631299
3 6 0.611280
2 1 0.627699
6 3 0.618429
1 4 0.622578
3 4 0.610821
1 8 0.636502
6 5 0.633058
1 5 0.619819
5 2 0.621405
1 6 0.615809
8 2 0.625841
3 5 0.615315
6 7 0.632545
8 3 0.617030
2 5 0.617716
1 4 0.629523
3 1 0.613033
1 8 0.622714
4 5 0.634622
1 2 0.632030
2 4 0.623417
4 5 0.632168
4 7 0.611579
6 1 0.616853
6 3 0.618990
6 7 0.617405
1 7 0.617732
2 6 0.627660
