2 580
2 1 0.219465
2 1 0.368552
2 1 0.372998
2 1 0.439399
2 1 0.215222
1 2 0.531964
1 2 0.210612
2 1 0.278258
2 1 0.478522
2 1 0.414587
1 2 0.168125
2 1 0.279507
2 1 0.457396
2 1 0.287263
2 1 0.439767
2 1 0.355668
1 2 0.144145
2 1 0.432092
1 2 0.275548
1 2 0.413425
2 1 0.445154
1 2 0.354136
2 1 0.372399
1 2 0.440708
1 2 0.259160
1 2 0.240652
2 1 0.553757
1 2 0.250489
1 2 0.469124
2 1 0.427483
1 2 0.383386
1 2 0.472436
1 2 0.193035
1 2 0.499952
1 2 0.169208
2 1 0.178172
1 2 0.414054
2 1 0.141937
2 1 0.266661
2 1 0.355190
1 2 0.223816
2 1 0.209393
2 1 0.406921
1 2 0.212370
2 1 0.183157
2 1 0.248919
1 2 0.475818
2 1 0.266975
1 2 0.452149
2 1 0.314131
1 2 0.225903
2 1 0.522786
1 2 0.221803
2 1 0.320698
2 1 0.395646
2 1 0.401443
2 1 0.538892
2 1 0.264416
2 1 0.146923
1 2 0.415777
1 2 0.402999
2 1 0.490591
2 1 0.144546
2 1 0.421458
2 1 0.512994
1 2 0.397109
1 2 0.242146
1 2 0.545879
1 2 0.406020
1 2 0.285931
2 1 0.341860
2 1 0.442383
2 1 0.214424
1 2 0.209514
1 2 0.407233
2 1 0.284514
1 2 0.290933
1 2 0.264762
2 1 0.539419
1 2 0.330835
2 1 0.254664
2 1 0.553109
2 1 0.512853
2 1 0.482254
1 2 0.360911
2 1 0.429325
1 2 0.341031
1 2 0.437738
2 1 0.419888
1 2 0.454469
1 2 0.149316
2 1 0.420992
2 1 0.160656
2 1 0.414742
1 2 0.368738
2 1 0.300713
2 1 0.384386
2 1 0.314626
1 2 0.194598
2 1 0.301884
2 1 0.312341
1 2 0.280352
2 1 0.226749
2 1 0.409536
2 1 0.247602
1 2 0.385786
2 1 0.207151
2 1 0.215541
2 1 0.218425
1 2 0.217092
2 1 0.201238
2 1 0.431340
2 1 0.504397
2 1 0.428105
1 2 0.440046
2 1 0.509606
2 1 0.401894
2 1 0.392329
2 1 0.281079
2 1 0.496432
2 1 0.397908
2 1 0.410502
1 2 0.211023
1 2 0.138860
2 1 0.550280
2 1 0.465172
2 1 0.414122
1 2 0.495729
2 1 0.383884
2 1 0.506341
1 2 0.276469
1 2 0.407619
1 2 0.521247
1 2 0.476065
2 1 0.181360
1 2 0.327988
2 1 0.188020
1 2 0.433795
1 2 0.229697
1 2 0.480920
2 1 0.152941
1 2 0.216494
2 1 0.334088
2 1 0.478600
1 2 0.444255
1 2 0.243264
1 2 0.338238
2 1 0.174086
1 2 0.144667
1 2 0.555596
1 2 0.175251
2 1 0.156562
2 1 0.276703
2 1 0.155186
2 1 0.278574
1 2 0.357747
1 2 0.291753
2 1 0.407743
1 2 0.417893
2 1 0.320865
1 2 0.339825
1 2 0.316478
1 2 0.537336
2 1 0.163702
1 2 0.416380
2 1 0.192299
2 1 0.423042
2 1 0.401754
2 1 0.401580
2 1 0.271525
2 1 0.388740
2 1 0.240810
1 2 0.432351
2 1 0.209772
1 2 0.267781
2 1 0.548666
1 2 0.380926
1 2 0.245024
2 1 0.183000
1 2 0.223459
1 2 0.398985
1 2 0.372128
1 2 0.318198
1 2 0.215728
2 1 0.190090
1 2 0.289586
2 1 0.344166
2 1 0.552890
2 1 0.418216
2 1 0.326024
1 2 0.271349
2 1 0.391321
1 2 0.335850
2 1 0.525942
2 1 0.208513
2 1 0.423567
2 1 0.182101
2 1 0.326927
1 2 0.203755
1 2 0.226253
1 2 0.502066
1 2 0.527598
1 2 0.296568
1 2 0.245761
2 1 0.193910
2 1 0.538647
1 2 0.381128
1 2 0.294979
2 1 0.315935
1 2 0.254278
2 1 0.463824
2 1 0.166316
1 2 0.461939
2 1 0.526271
1 2 0.554012
2 1 0.539132
1 2 0.333738
2 1 0.209115
1 2 0.171720
2 1 0.515040
1 2 0.541910
2 1 0.517551
2 1 0.228361
1 2 0.521581
1 2 0.321881
1 2 0.319761
2 1 0.392270
1 2 0.284088
1 2 0.326621
2 1 0.465336
2 1 0.306594
2 1 0.468688
1 2 0.215398
1 2 0.545639
2 1 0.190563
2 1 0.458504
1 2 0.258491
1 2 0.154232
1 2 0.212806
1 2 0.205477
1 2 0.541855
1 2 0.382232
1 2 0.140133
1 2 0.489603
1 2 0.181581
1 2 0.448368
2 1 0.551208
1 2 0.252569
1 2 0.245624
2 1 0.356027
2 1 0.231365
1 2 0.230958
1 2 0.313415
2 1 0.318599
1 2 0.234370
1 2 0.435840
2 1 0.500075
1 2 0.225960
1 2 0.405073
2 1 0.419949
2 1 0.143164
1 2 0.453558
2 1 0.463149
2 1 0.318677
2 1 0.141205
2 1 0.152039
1 2 0.290991
2 1 0.214946
1 2 0.249103
1 2 0.157009
1 2 0.473342
1 2 0.302666
1 2 0.483881
1 2 0.521765
2 1 0.378250
1 2 0.526712
2 1 0.147384
1 2 0.250935
1 2 0.516904
1 2 0.208852
2 1 0.180673
2 1 0.222834
1 2 0.174340
1 2 0.193991
2 1 0.179960
1 2 0.499037
2 1 0.485577
1 2 0.226346
2 1 0.470332
1 2 0.139946
2 1 0.373883
2 1 0.274785
2 1 0.546840
2 1 0.161170
2 1 0.402665
1 2 0.547914
1 2 0.405980
2 1 0.244572
2 1 0.485179
2 1 0.542617
2 1 0.159336
1 2 0.326866
1 2 0.436957
2 1 0.541702
2 1 0.399941
2 1 0.323732
1 2 0.209982
2 1 0.166786
2 1 0.244308
2 1 0.485278
1 2 0.334898
1 2 0.439765
2 1 0.487495
2 1 0.192570
2 1 0.447713
2 1 0.481656
1 2 0.195006
1 2 0.225535
2 1 0.478683
1 2 0.181979
1 2 0.183416
2 1 0.504910
2 1 0.316313
1 2 0.287125
2 1 0.549022
2 1 0.353337
2 1 0.286260
1 2 0.542841
2 1 0.487016
2 1 0.356940
1 2 0.479009
1 2 0.217747
1 2 0.485130
2 1 0.307198
2 1 0.166520
2 1 0.337452
1 2 0.420094
2 1 0.244324
1 2 0.170297
2 1 0.326377
2 1 0.514080
2 1 0.260833
1 2 0.422524
2 1 0.468034
2 1 0.187880
2 1 0.150964
2 1 0.536879
2 1 0.426922
2 1 0.535457
1 2 0.301992
2 1 0.348880
1 2 0.274190
1 2 0.556611
2 1 0.295732
1 2 0.295737
1 2 0.328408
1 2 0.225290
1 2 0.477549
2 1 0.264572
2 1 0.299480
1 2 0.232518
2 1 0.454163
1 2 0.487623
1 2 0.469503
1 2 0.391184
2 1 0.513928
1 2 0.150449
1 2 0.308094
2 1 0.357987
1 2 0.274084
2 1 0.536175
2 1 0.262077
2 1 0.372870
2 1 0.511495
1 2 0.286535
1 2 0.340805
2 1 0.345821
2 1 0.284509
1 2 0.535242
1 2 0.303173
1 2 0.354673
1 2 0.415388
1 2 0.247980
1 2 0.430781
2 1 0.283345
1 2 0.354317
1 2 0.542425
1 2 0.555543
2 1 0.505417
1 2 0.476244
1 2 0.337910
1 2 0.184650
2 1 0.201568
1 2 0.178595
1 2 0.388647
1 2 0.155739
2 1 0.325816
2 1 0.329003
2 1 0.495767
1 2 0.484397
1 2 0.187744
2 1 0.318645
2 1 0.234007
2 1 0.526492
2 1 0.296954
2 1 0.370453
2 1 0.539650
1 2 0.345435
2 1 0.452112
1 2 0.383276
2 1 0.269614
1 2 0.287603
1 2 0.530831
2 1 0.298715
1 2 0.340588
1 2 0.456390
1 2 0.523365
1 2 0.514484
2 1 0.425753
2 1 0.371200
1 2 0.482356
2 1 0.381771
2 1 0.299550
1 2 0.161076
1 2 0.414646
1 2 0.465037
2 1 0.372861
1 2 0.295007
1 2 0.517007
1 2 0.456789
1 2 0.267187
1 2 0.372244
2 1 0.188820
1 2 0.554398
1 2 0.473688
1 2 0.169996
2 1 0.439389
1 2 0.411805
1 2 0.528973
1 2 0.189520
2 1 0.349645
1 2 0.184432
2 1 0.222708
2 1 0.241120
1 2 0.376588
1 2 0.496890
1 2 0.536701
2 1 0.174301
2 1 0.154736
1 2 0.356154
2 1 0.141346
2 1 0.414340
2 1 0.280261
1 2 0.520943
2 1 0.536445
1 2 0.388605
1 2 0.372026
1 2 0.258521
2 1 0.328316
1 2 0.296951
1 2 0.356155
1 2 0.508987
1 2 0.536153
2 1 0.453311
1 2 0.437263
2 1 0.350576
2 1 0.514184
2 1 0.474947
1 2 0.351949
2 1 0.386488
2 1 0.420372
2 1 0.150547
2 1 0.468953
2 1 0.493990
1 2 0.365090
2 1 0.164022
2 1 0.293651
2 1 0.148769
1 2 0.528223
2 1 0.393689
1 2 0.280941
2 1 0.408481
1 2 0.334408
2 1 0.497385
1 2 0.440495
2 1 0.319540
1 2 0.162063
1 2 0.532018
1 2 0.165652
2 1 0.522310
2 1 0.461483
2 1 0.279398
2 1 0.357033
2 1 0.510905
2 1 0.424464
1 2 0.172472
2 1 0.298915
1 2 0.287867
1 2 0.138246
2 1 0.479865
1 2 0.433487
2 1 0.223911
1 2 0.273245
1 2 0.318902
2 1 0.207653
1 2 0.346431
2 1 0.499571
1 2 0.299024
1 2 0.544597
2 1 0.525842
2 1 0.153519
2 1 0.439809
2 1 0.369962
2 1 0.374549
2 1 0.431958
1 2 0.470213
2 1 0.171662
2 1 0.530991
2 1 0.232665
1 2 0.168027
2 1 0.397085
2 1 0.289315
2 1 0.367774
2 1 0.549187
1 2 0.178974
2 1 0.531112
1 2 0.217574
1 2 0.237269
1 2 0.254823
1 2 0.146272
1 2 0.500011
1 2 0.194658
1 2 0.536377
2 1 0.386161
1 2 0.500914
2 1 0.167874
1 2 0.290993
2 1 0.525693
2 1 0.183177
1 2 0.412056
2 1 0.261170
2 1 0.389544
1 2 0.292666
1 2 0.295511
1 2 0.432863
2 1 0.236727
1 2 0.444785
2 1 0.469213
1 2 0.511721
1 2 0.523851
1 2 0.234363
1 2 0.181088
2 1 0.403619
1 2 0.225208
1 2 0.411515
1 2 0.144984
1 2 0.297277
1 2 0.161292
1 2 0.144076
1 2 0.202749
2 1 0.327478
1 2 0.431466
1 2 0.142983
1 2 0.152704
1 2 0.404488
2 1 0.329145
2 1 0.187395
2 1 0.440231
2 1 0.347429
1 2 0.393483
1 2 0.247028
1 2 0.336300
1 2 0.363791
2 1 0.308308
2 1 0.265690
1 2 0.237070
2 1 0.413620
1 2 0.236128
2 1 0.461775
2 1 0.469756
