7 989
6 1 0.147706
5 3 0.605270
4 2 0.418192
6 4 0.947343
2 7 0.926326
6 7 0.418161
6 1 0.559105
5 3 0.165927
2 3 0.313990
6 4 0.379093
7 1 0.745007
5 1 0.466639
7 1 0.832608
1 4 0.401621
6 2 0.264009
4 7 0.037194
2 5 0.169914
6 5 0.221230
1 7 0.681153
4 6 0.651540
6 2 0.055948
3 5 0.158082
1 5 0.464368
5 4 0.652329
1 5 0.360621
6 1 0.159849
4 3 0.282692
7 3 0.071326
1 4 0.860900
4 1 0.401337
1 3 0.471229
1 4 0.187728
1 7 0.267888
1 5 0.206059
4 7 0.684921
2 7 0.676508
5 4 0.676424
5 7 0.751403
1 5 0.859050
6 2 0.963745
2 1 0.126013
5 7 0.040606
1 2 0.285488
3 4 0.514119
3 5 0.721705
7 4 0.330359
1 5 0.040727
4 6 0.237033
3 6 0.441952
1 5 0.546436
7 4 0.362136
3 2 0.563248
4 3 0.404019
5 3 0.650373
7 1 0.885582
3 2 0.971952
7 3 0.093446
5 3 0.970794
1 7 0.885959
6 4 0.896103
1 2 0.227534
7 3 0.314273
7 5 0.932238
7 3 0.614930
7 5 0.370226
3 2 0.751106
1 3 0.637780
2 7 0.733388
3 7 0.536992
7 5 0.420362
6 2 0.285810
2 1 0.715920
7 2 0.905472
5 1 0.795996
3 5 0.562512
7 4 0.460727
6 2 0.755272
3 7 0.311137
1 7 0.916732
2 7 0.667348
1 7 0.516853
5 1 0.682023
3 6 0.935537
5 7 0.368593
7 1 0.855510
5 4 0.555821
5 2 0.558937
5 1 0.493474
5 6 0.755335
1 3 0.416321
4 3 0.783214
1 6 0.919538
2 7 0.310295
7 3 0.478170
5 1 0.676282
1 3 0.619296
2 3 0.958035
1 5 0.374208
2 1 0.391714
3 7 0.818023
5 3 0.167616
7 3 0.060286
1 7 0.703109
1 3 0.043041
4 7 0.668909
2 1 0.436851
5 7 0.913313
4 6 0.578678
4 5 0.639400
3 1 0.827278
3 6 0.781732
4 6 0.048036
4 5 0.283361
1 6 0.253013
1 2 0.913926
4 2 0.257642
3 5 0.849764
3 5 0.966298
7 2 0.240296
4 7 0.972805
2 4 0.916720
1 4 0.387397
6 3 0.899584
3 2 0.287974
6 2 0.753277
3 1 0.106226
5 7 0.755704
1 4 0.944922
3 7 0.174705
6 5 0.797978
5 1 0.081126
6 3 0.740480
3 7 0.532378
2 1 0.196422
5 6 0.153962
2 4 0.413774
3 4 0.297797
3 5 0.341217
3 7 0.925617
6 5 0.454848
4 5 0.548703
4 5 0.592830
2 7 0.506838
2 7 0.925946
5 6 0.383663
1 3 0.637692
6 7 0.688208
3 5 0.489865
5 1 0.575216
2 4 0.055465
6 3 0.663794
6 4 0.894245
7 1 0.543968
4 6 0.169217
3 4 0.730434
4 2 0.823096
4 3 0.744457
2 6 0.815398
1 4 0.185405
2 3 0.478912
2 4 0.703292
6 4 0.055407
2 4 0.129156
4 7 0.351028
3 4 0.733471
7 4 0.685771
7 3 0.618867
5 4 0.428685
2 5 0.712753
6 4 0.476302
6 3 0.275061
1 6 0.260408
2 6 0.274168
6 4 0.785214
7 5 0.130117
2 5 0.814266
6 7 0.227972
3 4 0.113850
6 2 0.753244
4 5 0.138330
5 6 0.890263
3 5 0.631376
4 1 0.346488
4 5 0.560191
7 4 0.746187
1 4 0.086064
2 6 0.571014
3 6 0.575301
5 2 0.870764
2 4 0.544285
4 1 0.777342
4 3 0.082960
2 4 0.575050
4 1 0.567998
3 7 0.507632
6 4 0.796206
6 7 0.207198
6 1 0.227234
3 2 0.945903
4 7 0.731013
2 5 0.904763
2 4 0.267555
1 3 0.924395
3 2 0.753897
3 1 0.559557
1 2 0.338587
2 5 0.641954
4 5 0.378953
2 1 0.481313
1 2 0.712018
2 1 0.944816
4 3 0.830236
7 4 0.635867
3 2 0.423999
6 2 0.469498
6 3 0.704257
1 6 0.551255
5 1 0.161003
7 2 0.276577
6 3 0.945855
3 5 0.673845
1 6 0.550593
5 2 0.816647
5 1 0.882836
6 5 0.604627
7 1 0.456623
7 3 0.533609
1 6 0.696999
2 3 0.293105
7 2 0.284521
5 1 0.543812
1 2 0.169889
4 5 0.327327
4 1 0.935984
5 1 0.530970
1 5 0.786686
3 2 0.656632
6 7 0.613153
5 6 0.749381
5 3 0.358442
4 3 0.586421
5 1 0.191758
1 3 0.033976
3 1 0.357533
3 4 0.204660
4 1 0.779644
3 6 0.539253
7 6 0.068026
6 5 0.671430
3 5 0.077221
2 7 0.907610
1 3 0.818569
3 2 0.840456
6 7 0.931258
1 3 0.881544
1 2 0.815043
4 2 0.550398
7 4 0.370655
3 5 0.857651
3 1 0.269486
7 3 0.374869
2 5 0.263829
3 5 0.217599
4 7 0.581628
2 5 0.513315
4 5 0.371003
7 2 0.485734
1 5 0.463124
1 5 0.374607
5 1 0.786969
1 5 0.423244
6 1 0.528191
3 5 0.104593
2 5 0.687625
1 3 0.839084
7 1 0.498666
7 1 0.971289
5 3 0.633757
5 6 0.636286
5 7 0.742916
3 7 0.628758
6 1 0.488518
5 1 0.425152
1 6 0.293641
3 5 0.137060
2 6 0.094417
7 4 0.859566
6 1 0.210352
2 5 0.744179
1 6 0.451281
7 4 0.396570
7 3 0.137697
7 3 0.798113
5 6 0.577135
4 3 0.806239
3 2 0.188364
2 3 0.600570
5 4 0.897867
2 5 0.081941
6 5 0.487825
7 2 0.211298
1 5 0.806276
6 4 0.241679
6 4 0.317026
4 1 0.262700
5 1 0.711941
7 2 0.570495
1 2 0.954452
5 2 0.481372
4 1 0.648106
5 1 0.851020
2 6 0.609400
7 5 0.760292
3 6 0.586884
5 4 0.107042
4 1 0.264143
5 4 0.644865
6 5 0.354679
1 5 0.502224
6 1 0.072083
6 5 0.565805
5 7 0.682164
6 7 0.494223
2 6 0.560740
5 2 0.535731
3 7 0.705836
7 4 0.796584
5 1 0.873508
1 7 0.381369
3 7 0.870505
4 3 0.180449
1 5 0.923058
3 7 0.866690
5 3 0.490124
4 3 0.960137
7 2 0.440811
1 2 0.380681
5 3 0.102357
5 3 0.089254
1 7 0.734050
7 6 0.881487
5 6 0.474816
1 4 0.631071
1 5 0.732183
3 2 0.675888
2 6 0.557627
3 6 0.494936
5 4 0.158299
3 6 0.811319
1 4 0.786009
7 2 0.940137
5 3 0.405699
5 3 0.671826
6 7 0.894608
4 1 0.928570
1 2 0.058440
7 2 0.925671
4 3 0.784699
2 3 0.246863
6 4 0.742183
1 7 0.879251
4 3 0.222527
4 2 0.820495
2 7 0.603708
4 2 0.149023
6 3 0.554835
4 7 0.121601
7 3 0.656656
4 5 0.666864
3 5 0.314624
7 4 0.770619
6 4 0.793697
4 7 0.417613
7 6 0.494792
7 1 0.270222
6 1 0.251930
2 3 0.767648
7 1 0.611245
7 6 0.784892
4 2 0.956586
6 2 0.266775
3 4 0.901597
7 5 0.896357
2 5 0.725823
3 2 0.378998
7 4 0.560714
1 6 0.544520
1 5 0.449997
2 7 0.233572
1 3 0.835569
7 3 0.438016
5 4 0.424785
4 3 0.581900
7 6 0.039027
6 1 0.242547
1 7 0.278079
7 3 0.958164
4 2 0.312628
6 5 0.418130
4 5 0.389253
7 6 0.507260
3 7 0.566806
2 5 0.852933
5 4 0.053974
3 7 0.640130
1 7 0.746985
7 4 0.774772
1 7 0.711143
4 6 0.918345
3 6 0.083836
7 1 0.552391
7 2 0.059271
6 4 0.958577
4 7 0.959246
6 2 0.056642
2 7 0.095917
3 1 0.696076
7 5 0.119957
4 3 0.248319
3 7 0.711147
3 5 0.486981
4 7 0.244220
6 7 0.559266
1 4 0.094554
2 3 0.441335
6 1 0.697142
3 1 0.448852
5 7 0.505100
1 7 0.662906
5 3 0.223795
4 5 0.651420
6 5 0.747085
5 1 0.892198
2 4 0.381634
2 5 0.857889
2 1 0.705336
6 3 0.772224
3 7 0.851864
6 5 0.911736
2 5 0.191880
2 6 0.043854
5 3 0.362725
1 7 0.075960
1 3 0.118309
4 2 0.613482
1 7 0.594689
6 3 0.818446
2 6 0.787865
1 6 0.177021
5 2 0.827067
6 3 0.692586
5 1 0.914828
1 5 0.692420
5 1 0.897427
4 7 0.367263
4 7 0.826869
4 2 0.646112
4 7 0.952794
2 5 0.685896
5 4 0.591550
3 1 0.186202
3 2 0.734356
5 3 0.260679
1 5 0.765975
3 4 0.870794
4 6 0.455097
2 1 0.181998
3 2 0.622574
5 7 0.119177
1 6 0.454084
3 4 0.505623
5 6 0.346067
2 6 0.311798
4 5 0.763291
6 2 0.565737
4 5 0.045309
4 6 0.424471
5 1 0.297225
1 6 0.499172
4 2 0.166891
7 4 0.288507
1 7 0.789352
5 7 0.233954
7 4 0.678790
7 3 0.470473
1 6 0.222646
6 2 0.872871
1 6 0.211678
3 7 0.210302
2 4 0.126606
5 6 0.037725
3 6 0.821471
5 7 0.192276
3 6 0.910185
5 2 0.967217
5 1 0.094998
4 7 0.219334
7 4 0.160550
1 6 0.655314
6 5 0.103800
6 2 0.709857
3 7 0.106980
4 5 0.479531
4 6 0.837419
7 4 0.827971
6 4 0.448025
4 6 0.534030
2 4 0.939661
6 4 0.449057
7 3 0.773651
7 6 0.214488
7 2 0.626956
1 5 0.581502
6 3 0.437713
1 5 0.121829
2 3 0.577282
7 5 0.209480
6 3 0.864265
1 2 0.181742
7 5 0.730062
3 6 0.334691
1 5 0.378412
6 1 0.679861
2 7 0.028524
5 2 0.651327
1 4 0.059005
4 1 0.447447
1 3 0.301111
5 1 0.606577
4 1 0.102028
2 6 0.299208
1 6 0.414508
4 1 0.320616
3 6 0.514176
1 3 0.649633
2 6 0.412399
1 4 0.180245
1 2 0.104240
6 4 0.649721
7 3 0.699112
2 4 0.690009
3 7 0.412772
6 2 0.934353
7 6 0.216779
6 7 0.038147
4 3 0.854014
3 4 0.387823
2 1 0.532126
2 6 0.517634
7 3 0.840418
3 1 0.612102
7 3 0.340901
4 1 0.276474
1 2 0.598495
2 1 0.274365
7 2 0.760097
5 1 0.141399
2 7 0.087247
6 1 0.185625
6 3 0.709718
6 1 0.723289
7 6 0.765883
6 5 0.418292
3 1 0.239878
1 6 0.240534
1 3 0.484641
7 2 0.730528
7 3 0.972639
5 3 0.508262
2 6 0.727566
5 7 0.894965
1 6 0.117738
4 2 0.687237
3 2 0.224986
3 7 0.322948
5 4 0.167347
1 6 0.158460
5 4 0.623673
2 1 0.775832
5 3 0.733153
4 7 0.344912
2 3 0.836039
5 1 0.684691
7 6 0.216909
4 7 0.185114
1 7 0.730835
4 6 0.928434
6 7 0.608665
3 1 0.312662
5 3 0.689488
3 7 0.491316
4 1 0.253054
6 3 0.367594
5 4 0.254452
1 5 0.765954
1 3 0.273789
3 6 0.588361
6 2 0.865322
4 2 0.757064
3 6 0.829826
7 6 0.677905
2 7 0.558540
4 1 0.796456
5 2 0.302191
6 7 0.847581
4 3 0.178127
1 2 0.045575
1 7 0.865519
3 6 0.287481
3 5 0.426314
2 3 0.150113
5 3 0.572872
4 3 0.081271
6 1 0.795805
6 1 0.441093
2 6 0.289858
3 6 0.513605
3 7 0.628889
7 6 0.755171
3 6 0.806004
4 7 0.785551
5 1 0.065066
7 4 0.708633
4 2 0.083230
7 4 0.124976
3 7 0.258006
6 1 0.547760
6 1 0.744916
6 2 0.540798
3 7 0.778422
1 5 0.559869
4 2 0.653804
5 2 0.292149
7 5 0.474081
7 3 0.547496
2 5 0.505265
5 4 0.321625
5 7 0.454354
3 6 0.268565
3 1 0.192237
7 2 0.235549
3 5 0.400553
7 3 0.752912
5 2 0.873673
2 5 0.323984
3 7 0.633206
7 4 0.787786
4 5 0.851670
1 6 0.054239
2 6 0.964975
3 2 0.568847
5 7 0.594608
5 1 0.399690
5 2 0.126239
6 7 0.272988
2 3 0.329509
3 2 0.924580
5 7 0.888227
3 6 0.320644
6 2 0.059694
7 3 0.416210
2 1 0.270499
2 6 0.952100
4 5 0.110530
1 3 0.191072
5 4 0.538423
5 1 0.162635
6 4 0.277225
6 4 0.661544
3 4 0.244291
5 2 0.675708
6 4 0.039250
6 2 0.295591
2 4 0.453424
2 5 0.951977
7 6 0.092459
3 6 0.803153
7 4 0.194549
5 3 0.883872
4 3 0.952065
3 2 0.586324
3 4 0.470179
2 7 0.708985
7 3 0.350637
3 4 0.831391
3 2 0.644212
7 6 0.131094
2 4 0.726514
7 1 0.161579
3 1 0.766606
1 2 0.465541
3 7 0.524528
2 5 0.032107
1 4 0.403905
3 7 0.401958
7 4 0.304143
4 7 0.192024
5 6 0.175026
1 2 0.828249
2 7 0.193868
2 6 0.887495
5 6 0.966699
6 4 0.462895
7 5 0.364524
1 4 0.865387
5 7 0.417489
4 1 0.588442
7 4 0.471861
1 4 0.269782
7 3 0.522317
6 4 0.041025
5 4 0.345473
5 4 0.053666
3 7 0.489218
1 4 0.534821
2 7 0.651164
2 5 0.387872
1 3 0.109594
6 4 0.132388
1 4 0.766192
3 2 0.382874
6 4 0.319323
3 2 0.473956
6 3 0.499532
1 4 0.587539
3 6 0.516576
7 2 0.644357
7 1 0.680839
3 7 0.444636
3 5 0.951957
6 7 0.887975
1 4 0.425713
7 4 0.261750
2 4 0.356765
6 7 0.247434
1 2 0.167335
6 4 0.403399
7 5 0.822457
4 6 0.230363
6 5 0.524351
3 5 0.720220
1 6 0.053277
6 1 0.199432
3 1 0.377348
7 4 0.661458
1 2 0.234928
6 4 0.369983
5 7 0.660040
6 3 0.579994
2 7 0.210098
3 7 0.054081
4 7 0.957033
2 4 0.427464
5 1 0.183529
3 4 0.139740
4 6 0.861976
1 3 0.442172
6 5 0.220499
7 2 0.207242
2 7 0.847805
1 2 0.565520
5 1 0.551871
2 4 0.171923
3 4 0.591987
2 6 0.707685
2 6 0.815618
7 6 0.105851
7 6 0.685735
2 7 0.047379
4 2 0.884702
6 7 0.803665
5 2 0.884423
6 5 0.069571
4 6 0.748422
3 6 0.084160
1 7 0.479800
1 7 0.496797
6 3 0.118289
6 3 0.956655
6 2 0.313855
2 5 0.343925
6 4 0.483451
5 7 0.712379
2 1 0.221704
4 2 0.138107
5 4 0.400452
2 6 0.496284
5 1 0.385595
2 5 0.327651
6 5 0.069451
7 1 0.906946
6 1 0.578613
5 6 0.165209
1 2 0.093092
4 2 0.306648
7 6 0.553560
7 1 0.938819
5 2 0.945945
6 7 0.046855
2 7 0.642896
4 7 0.621308
4 7 0.400898
3 4 0.250856
1 4 0.598882
6 3 0.576351
7 3 0.864609
5 3 0.077940
5 1 0.196047
7 2 0.299836
2 7 0.300895
4 6 0.110346
2 6 0.244788
3 1 0.034658
4 7 0.394828
3 7 0.313946
3 1 0.321858
1 2 0.127493
3 5 0.301230
5 1 0.286755
7 6 0.234334
7 5 0.110032
6 2 0.030856
6 3 0.629097
2 1 0.550230
6 3 0.113040
5 2 0.841870
3 7 0.266224
4 1 0.031149
5 3 0.502580
7 4 0.971860
4 1 0.584867
5 4 0.055126
4 7 0.514705
6 5 0.822393
5 1 0.089196
2 6 0.259850
1 5 0.232499
3 1 0.294877
3 2 0.464928
3 5 0.747670
5 2 0.974014
1 4 0.333453
5 3 0.515117
6 3 0.318629
1 2 0.687100
1 6 0.617433
2 3 0.513406
7 2 0.678892
3 5 0.912118
2 4 0.082424
2 4 0.890073
7 5 0.546377
6 5 0.701201
2 7 0.797486
7 6 0.699646
1 4 0.531925
5 6 0.403517
5 1 0.795915
4 3 0.325343
1 4 0.458134
1 5 0.123641
1 3 0.563749
3 2 0.687128
3 7 0.230449
2 3 0.523470
2 3 0.561273
6 2 0.190051
1 6 0.031915
2 1 0.481660
4 6 0.139102
4 6 0.656447
1 5 0.663585
5 7 0.206012
2 7 0.061921
1 2 0.884837
1 2 0.711046
2 7 0.872983
1 5 0.059760
7 4 0.651936
1 7 0.343781
7 1 0.477932
7 1 0.901637
3 6 0.551062
1 6 0.843362
7 2 0.153309
2 5 0.660835
4 1 0.340593
5 6 0.890028
7 6 0.304598
7 3 0.455241
4 7 0.221068
6 4 0.028460
4 1 0.458814
2 1 0.157750
3 5 0.435169
1 2 0.329484
4 3 0.421666
7 6 0.257176
4 1 0.108705
7 5 0.536344
6 5 0.093545
3 5 0.957912
5 3 0.485159
7 6 0.435509
5 4 0.968527
2 7 0.453486
3 7 0.385971
7 6 0.973849
2 7 0.452235
1 7 0.590003
5 4 0.095127
7 6 0.961099
6 2 0.284240
7 6 0.870539
5 1 0.289929
7 2 0.283737
2 1 0.772680
3 6 0.258314
4 6 0.356675
3 2 0.065255
6 7 0.525342
2 6 0.817461
4 6 0.469650
2 5 0.041780
1 4 0.871857
2 4 0.059772
4 5 0.870362
2 3 0.613255
1 3 0.144973
4 7 0.674496
4 7 0.176936
2 7 0.966149
1 4 0.316090
5 6 0.207876
2 1 0.657411
6 7 0.942134
7 2 0.896968
3 4 0.102839
1 3 0.531932
7 6 0.298885
3 6 0.717472
7 5 0.941979
1 2 0.445717
5 1 0.274812
1 7 0.393479
1 7 0.806367
5 6 0.562670
1 7 0.961823
7 4 0.625273
4 3 0.345070
3 2 0.890816
6 2 0.722324
7 4 0.469389
3 4 0.547096
1 5 0.868885
2 1 0.653955
6 5 0.338693
3 7 0.061975
5 1 0.652570
2 1 0.156157
2 7 0.921443
5 1 0.789486
2 5 0.327989
6 2 0.142306
4 7 0.155481
5 2 0.683887
2 4 0.466447
5 2 0.107105
3 5 0.384386
5 4 0.843231
6 7 0.444710
5 7 0.814937
6 2 0.184438
6 5 0.622294
4 5 0.473905
4 1 0.721423
6 5 0.247591
2 5 0.233687
4 1 0.803279
5 1 0.352981
4 1 0.198858
4 7 0.284211
2 1 0.067462
7 3 0.352498
2 4 0.246815
7 2 0.693976
5 2 0.360100
2 4 0.561551
4 3 0.471828
