14 162
1 7 0.699462
9 1 0.619417
10 7 0.593436
10 5 0.624701
6 7 0.658027
10 2 0.699969
5 14 0.688340
12 4 0.678384
2 9 0.705144
4 10 0.703401
13 1 0.690009
7 10 0.668482
12 6 0.644036
4 14 0.652601
5 1 0.681264
13 3 0.629115
12 7 0.661981
4 14 0.593082
12 2 0.666908
11 1 0.594683
1 9 0.644563
3 7 0.661616
14 11 0.659752
8 11 0.661830
9 6 0.698523
1 5 0.669794
13 1 0.662635
13 9 0.610988
9 5 0.622897
2 6 0.655161
8 7 0.685781
2 9 0.704849
5 14 0.637135
9 13 0.695576
8 9 0.666655
7 14 0.635315
2 8 0.625468
1 4 0.687821
3 9 0.673034
1 3 0.598525
12 9 0.638921
4 3 0.701825
1 11 0.701658
14 13 0.617278
6 8 0.666191
9 1 0.665158
2 12 0.600995
10 8 0.685457
5 2 0.665829
2 10 0.599454
1 6 0.648577
6 14 0.596385
1 13 0.599642
2 7 0.677000
4 7 0.650747
14 4 0.622493
13 4 0.595390
7 12 0.638413
8 5 0.625500
5 3 0.679745
8 14 0.654144
2 1 0.609864
13 2 0.639555
7 11 0.688952
7 11 0.610162
13 10 0.615313
1 9 0.701721
12 2 0.633627
4 9 0.595258
4 11 0.674774
10 5 0.635694
14 9 0.595015
1 9 0.705123
14 6 0.641259
9 10 0.648467
8 11 0.664077
1 3 0.630238
11 14 0.666658
14 12 0.665778
12 14 0.607306
14 4 0.630003
5 6 0.686064
6 12 0.652382
13 14 0.594688
9 3 0.672704
9 2 0.669155
14 10 0.648378
10 7 0.621087
12 4 0.626911
6 10 0.611560
4 7 0.698248
9 6 0.672459
11 7 0.697764
12 11 0.703291
8 9 0.623267
3 7 0.644236
11 9 0.635621
5 6 0.643956
12 6 0.639450
9 10 0.643277
9 4 0.650522
2 5 0.652979
4 1 0.675039
4 6 0.643237
7 14 0.686995
3 5 0.613891
4 9 0.659555
12 13 0.606639
8 14 0.606233
7 2 0.617657
13 9 0.666837
12 10 0.659477
2 13 0.621718
10 4 0.700321
1 4 0.613689
13 7 0.671490
1 4 0.607930
13 12 0.698020
7 2 0.598614
3 6 0.616111
9 13 0.649132
9 1 0.609847
13 14 0.644732
4 6 0.652036
4 10 0.639925
12 4 0.659520
8 3 0.639470
5 6 0.678847
4 8 0.651486
7 9 0.639184
8 4 0.665039
8 4 0.672139
8 9 0.652614
6 2 0.595421
3 2 0.626381
12 8 0.687837
12 4 0.658516
14 1 0.603092
11 4 0.640765
4 5 0.680048
6 8 0.645889
6 1 0.697614
4 1 0.688624
2 13 0.638919
12 14 0.628811
5 8 0.659641
7 12 0.651913
2 11 0.650425
10 12 0.701152
4 1 0.602783
13 8 0.678566
7 14 0.666839
13 12 0.674598
9 7 0.625456
7 2 0.635801
10 14 0.620950
10 1 0.624332
14 11 0.640356
8 11 0.681425
8 3 0.700003
8 7 0.661200
8 3 0.690785
