7 797
7 5 0.196225
6 7 0.414821
5 1 0.386814
4 2 0.241982
3 7 0.352533
2 6 0.186881
1 4 0.248317
7 4 0.258007
3 2 0.353541
3 4 0.211081
7 5 0.395972
6 1 0.223411
6 5 0.330395
6 4 0.402857
5 3 0.176756
4 1 0.180513
6 2 0.321687
3 7 0.435928
4 5 0.388568
5 6 0.186763
6 7 0.427162
5 7 0.285612
6 4 0.214362
1 4 0.289357
5 6 0.297100
7 4 0.192762
4 6 0.256677
3 6 0.191047
2 6 0.404520
5 2 0.351087
3 2 0.277459
2 3 0.310801
6 3 0.170898
5 4 0.352536
1 2 0.325741
7 5 0.191878
5 3 0.212980
4 7 0.180639
7 1 0.361911
3 5 0.276031
1 2 0.273586
1 6 0.252911
6 4 0.291385
5 6 0.164730
1 3 0.235733
6 4 0.318102
1 4 0.312578
7 1 0.435402
5 2 0.306048
7 5 0.398823
7 3 0.362317
6 4 0.261527
6 1 0.214783
6 2 0.365791
3 5 0.356298
2 6 0.291375
1 7 0.424143
3 2 0.237856
3 6 0.302225
3 1 0.297917
5 1 0.363373
1 7 0.303458
1 3 0.269341
6 1 0.228186
1 6 0.210008
3 6 0.181804
4 3 0.343323
5 4 0.385628
6 7 0.338905
6 1 0.166307
7 6 0.421558
6 3 0.360200
3 5 0.284685
4 3 0.206522
2 3 0.424217
3 5 0.169942
4 7 0.348451
3 5 0.234721
4 6 0.261621
4 6 0.271944
3 7 0.401336
6 7 0.421481
2 3 0.295555
2 5 0.305779
2 5 0.416123
6 3 0.359283
7 1 0.346034
3 4 0.345225
4 7 0.162582
1 2 0.302636
4 5 0.216644
7 1 0.406969
2 1 0.340556
1 3 0.287035
5 3 0.409438
3 7 0.291684
6 2 0.334971
5 4 0.165392
1 5 0.251165
5 4 0.384423
2 4 0.184149
6 2 0.246077
2 7 0.278120
6 7 0.423821
2 4 0.345748
2 5 0.182056
5 4 0.312165
4 3 0.345595
2 1 0.179586
2 5 0.238123
4 7 0.260976
6 1 0.308851
7 2 0.335564
6 2 0.317557
1 2 0.366365
7 4 0.425383
5 7 0.413158
7 5 0.275080
5 1 0.407146
2 4 0.324550
7 1 0.395295
2 4 0.328902
7 4 0.249705
1 4 0.205230
3 2 0.190945
2 6 0.367083
5 2 0.189055
7 1 0.395173
1 3 0.177500
7 6 0.240526
6 3 0.169205
1 6 0.238806
2 6 0.252675
3 1 0.438313
7 3 0.402032
7 6 0.426270
5 1 0.211565
1 2 0.240026
2 3 0.191107
3 5 0.229721
1 4 0.212928
7 2 0.324756
2 1 0.315136
3 2 0.229763
5 2 0.400829
1 5 0.282636
6 3 0.407705
2 7 0.274293
2 5 0.216108
6 3 0.229568
4 5 0.253934
1 7 0.253619
4 3 0.334185
6 1 0.408789
7 6 0.183829
7 2 0.345998
3 7 0.356332
1 3 0.287261
6 3 0.164656
6 7 0.363240
6 4 0.310573
6 7 0.429852
5 4 0.376537
6 4 0.361442
5 6 0.225948
3 6 0.220176
3 1 0.403586
4 1 0.358207
3 5 0.223452
6 7 0.209018
5 4 0.305853
4 6 0.299066
6 1 0.259893
2 6 0.381533
7 4 0.273280
3 2 0.340143
5 6 0.437079
2 1 0.398055
7 1 0.392206
2 5 0.373460
4 1 0.328311
7 6 0.420349
3 7 0.187027
5 7 0.264937
5 3 0.211112
5 1 0.195225
4 7 0.436969
3 7 0.173879
5 4 0.219655
6 5 0.312750
2 6 0.271679
2 6 0.209232
7 6 0.299424
2 3 0.174919
3 6 0.256995
2 1 0.384525
3 1 0.170317
4 1 0.317847
4 2 0.293015
6 7 0.374973
6 7 0.423409
7 4 0.190950
1 3 0.402342
1 4 0.176720
2 6 0.410268
1 6 0.291209
2 7 0.303428
7 5 0.227845
2 5 0.368450
1 7 0.432957
6 4 0.370889
1 2 0.179519
4 6 0.343676
3 7 0.185375
7 3 0.193768
4 6 0.210067
6 3 0.437100
7 3 0.364728
7 3 0.215301
6 5 0.309350
5 1 0.320432
5 7 0.288177
7 1 0.302799
5 7 0.258678
6 7 0.419839
2 5 0.307808
2 3 0.187737
3 4 0.314758
3 5 0.343349
1 3 0.421740
3 7 0.181923
3 2 0.396098
7 1 0.352654
3 4 0.232497
1 3 0.386646
2 7 0.342234
1 4 0.397513
5 4 0.341962
3 7 0.340706
6 2 0.311641
1 6 0.221121
2 1 0.426442
2 1 0.265024
7 2 0.347598
5 2 0.433788
2 1 0.290810
2 1 0.227482
6 5 0.289081
7 6 0.306681
1 7 0.386070
7 5 0.162351
4 7 0.373872
7 6 0.180495
3 5 0.418478
1 6 0.399689
1 2 0.197184
5 7 0.191042
6 4 0.218983
2 1 0.265236
5 7 0.172483
7 6 0.263730
7 3 0.333538
3 6 0.163789
1 6 0.426813
1 4 0.403926
6 7 0.326993
5 7 0.347852
5 2 0.197500
5 6 0.237086
6 4 0.375055
4 2 0.186410
1 6 0.253914
5 1 0.380291
5 6 0.353235
1 4 0.435148
7 3 0.248406
7 4 0.437367
1 5 0.230508
6 3 0.340842
4 1 0.414792
3 4 0.175261
4 3 0.245902
3 1 0.271355
1 2 0.223939
3 2 0.231620
4 1 0.363203
3 7 0.218362
6 5 0.345707
4 7 0.246669
7 1 0.279221
2 5 0.354170
7 6 0.224000
3 2 0.214381
1 2 0.424925
3 5 0.280216
6 4 0.340898
6 7 0.427591
4 6 0.241738
7 4 0.216187
4 3 0.340732
6 4 0.242656
5 3 0.291682
1 5 0.368931
5 1 0.265434
3 7 0.399678
7 4 0.348328
6 5 0.314638
5 7 0.409831
3 2 0.182664
2 1 0.393406
4 2 0.170318
7 3 0.421956
2 7 0.255607
2 5 0.299448
1 5 0.377285
3 7 0.262137
7 2 0.314093
6 1 0.349289
7 1 0.276324
2 5 0.357712
7 4 0.223877
2 3 0.181221
1 5 0.238218
2 1 0.164978
3 7 0.258937
6 7 0.276964
3 4 0.371103
4 1 0.294981
7 4 0.220766
3 2 0.387883
7 4 0.434063
3 4 0.207962
1 3 0.187460
3 5 0.210062
6 5 0.332565
5 3 0.215000
2 3 0.262878
2 6 0.294739
4 3 0.392119
2 5 0.219599
3 6 0.358032
2 5 0.239806
7 3 0.183038
4 6 0.436726
7 2 0.292445
1 6 0.242322
6 5 0.432623
4 2 0.289018
4 2 0.396480
7 4 0.416356
7 2 0.198616
7 5 0.209234
4 7 0.218380
1 6 0.212835
1 7 0.356681
7 1 0.327635
4 7 0.259316
3 1 0.386321
6 4 0.303754
1 7 0.352856
3 5 0.308355
6 2 0.368444
4 3 0.279177
1 4 0.334342
2 3 0.406773
1 4 0.198322
7 1 0.387441
5 2 0.197600
1 2 0.282644
4 5 0.431105
4 1 0.391749
2 1 0.287496
2 6 0.210728
6 7 0.410502
2 6 0.303155
7 2 0.299272
1 4 0.216548
1 2 0.347740
7 5 0.256060
4 1 0.426093
1 4 0.337321
7 1 0.231334
3 4 0.369191
5 3 0.221063
5 4 0.250975
1 6 0.281287
7 1 0.237917
2 4 0.280200
7 3 0.398314
3 6 0.433908
1 5 0.163131
5 4 0.360515
6 3 0.276799
1 4 0.308476
7 6 0.172688
7 4 0.322917
2 5 0.177169
3 4 0.274647
4 3 0.310944
5 1 0.215501
5 6 0.243187
2 5 0.247311
1 7 0.228891
2 3 0.216782
3 4 0.399268
5 1 0.374943
7 6 0.326915
5 6 0.165852
5 3 0.310244
6 4 0.402423
1 2 0.365722
6 7 0.344683
5 3 0.432846
1 4 0.369907
2 3 0.229600
3 4 0.232665
2 7 0.402955
2 4 0.339331
3 6 0.191234
6 4 0.272646
1 6 0.274849
5 6 0.428403
7 5 0.248516
7 6 0.220304
4 7 0.193198
2 5 0.276355
7 6 0.245612
1 6 0.432742
2 7 0.169915
1 3 0.233438
4 5 0.300784
1 4 0.375655
7 4 0.421074
3 7 0.271780
1 6 0.415251
7 6 0.240749
6 7 0.269262
7 2 0.161730
7 1 0.217244
7 4 0.248528
5 4 0.405726
5 1 0.211320
6 4 0.245060
3 5 0.311989
4 5 0.364080
2 3 0.404328
7 3 0.342156
1 3 0.392180
2 5 0.226379
7 3 0.422019
4 3 0.184539
2 5 0.374757
6 5 0.408970
7 4 0.380276
4 7 0.278305
6 5 0.381608
1 6 0.330543
1 7 0.340064
4 5 0.174667
5 2 0.327863
4 6 0.303218
5 7 0.333684
1 3 0.434966
1 7 0.237348
4 3 0.354234
2 5 0.311066
6 4 0.399898
5 1 0.344353
4 1 0.252465
2 1 0.300216
1 2 0.177564
4 2 0.233484
1 6 0.216806
4 3 0.330115
2 3 0.321442
6 7 0.198863
6 4 0.264703
6 5 0.321554
5 3 0.297372
3 2 0.359244
1 7 0.249584
7 1 0.359173
2 1 0.204774
3 5 0.330698
6 2 0.257239
2 7 0.404072
4 6 0.271969
1 2 0.177760
6 4 0.175289
5 3 0.366204
2 1 0.299993
2 7 0.365180
4 5 0.270940
2 6 0.215617
7 5 0.362945
2 3 0.222851
4 7 0.293372
6 1 0.248337
3 5 0.392642
3 5 0.223062
4 5 0.217903
5 2 0.280148
6 5 0.164999
3 6 0.328968
5 3 0.194342
2 7 0.309867
7 3 0.367778
6 5 0.353599
3 4 0.390421
5 1 0.279967
6 5 0.279793
4 3 0.198127
1 3 0.183550
3 4 0.291711
7 5 0.291141
6 7 0.293179
4 3 0.392862
1 5 0.383136
7 1 0.303168
3 1 0.417663
5 7 0.296372
5 1 0.356576
1 3 0.314077
7 3 0.360272
2 7 0.279934
1 7 0.278646
6 1 0.263749
3 4 0.243171
4 3 0.299817
6 1 0.204598
5 3 0.390739
6 4 0.322950
2 5 0.419044
2 7 0.251276
5 6 0.361592
1 6 0.188847
2 6 0.176519
7 3 0.356639
2 5 0.325875
1 3 0.342513
2 5 0.232904
7 5 0.407998
7 4 0.294154
7 4 0.366461
5 1 0.327303
6 2 0.336442
4 1 0.265153
3 6 0.271626
2 5 0.406411
3 5 0.197394
3 1 0.336078
2 7 0.168354
2 6 0.326362
1 6 0.322437
6 2 0.308011
7 6 0.293280
6 5 0.276885
7 6 0.255298
4 7 0.172955
1 4 0.328103
5 3 0.297509
1 2 0.310147
1 4 0.255521
7 5 0.343930
2 1 0.187804
5 4 0.296689
4 2 0.228687
6 3 0.202092
4 3 0.211084
5 2 0.433251
6 2 0.424031
2 6 0.187841
2 4 0.235753
4 6 0.224259
3 6 0.396578
4 1 0.433423
6 7 0.303655
3 7 0.351147
2 7 0.435829
7 6 0.177760
7 4 0.294622
5 7 0.167732
4 6 0.323917
2 7 0.230882
4 1 0.387124
5 1 0.174485
6 5 0.271714
1 7 0.398118
7 1 0.324046
4 2 0.286492
3 6 0.359270
1 2 0.177189
7 3 0.400069
1 2 0.380487
4 2 0.319037
6 5 0.226527
5 2 0.307893
3 1 0.409883
2 3 0.278280
4 7 0.368232
3 6 0.319809
2 5 0.354585
3 1 0.327974
1 7 0.333760
3 5 0.400368
5 1 0.192130
5 6 0.310475
2 6 0.258867
6 4 0.413539
3 5 0.229768
4 1 0.186005
6 4 0.196037
1 2 0.274403
3 5 0.319933
5 7 0.407600
1 6 0.318432
7 4 0.280814
7 5 0.422359
1 2 0.243267
6 3 0.303321
5 7 0.180209
2 6 0.281484
7 6 0.419095
4 7 0.300040
4 3 0.179800
5 2 0.321912
3 5 0.170674
1 7 0.429199
4 7 0.411235
6 3 0.358366
3 7 0.372178
6 3 0.175622
7 5 0.345888
4 6 0.258606
2 1 0.216711
6 4 0.260306
4 6 0.259701
3 7 0.305521
4 2 0.242037
1 7 0.194275
5 7 0.312330
3 5 0.226252
7 6 0.323184
2 5 0.216428
4 3 0.390514
4 7 0.167196
5 3 0.244889
1 5 0.323344
1 2 0.363418
6 4 0.349648
3 7 0.266696
5 1 0.176023
1 6 0.315876
3 1 0.275060
3 4 0.345795
4 7 0.331287
7 2 0.246839
4 6 0.313124
1 5 0.395975
4 3 0.188916
3 1 0.243452
1 7 0.257547
2 4 0.381390
2 1 0.289203
4 3 0.428059
6 3 0.244728
7 4 0.289625
3 7 0.171006
5 3 0.228826
2 6 0.253097
6 1 0.260191
1 3 0.253386
1 7 0.267518
2 6 0.322038
7 3 0.399486
7 2 0.238027
5 4 0.187529
7 6 0.225115
2 1 0.266885
1 7 0.391713
7 3 0.231623
7 5 0.350241
4 3 0.320813
3 7 0.435656
5 4 0.298733
5 3 0.203264
2 1 0.268240
4 1 0.366147
3 1 0.173357
4 7 0.273918
1 6 0.373980
3 2 0.278164
5 4 0.432762
4 2 0.391904
5 4 0.267292
7 4 0.260665
4 5 0.202004
3 7 0.341011
3 2 0.168188
2 5 0.174263
1 4 0.221320
3 1 0.202561
3 2 0.314556
4 2 0.236013
1 3 0.255571
2 7 0.286106
2 4 0.425262
7 1 0.410480
1 2 0.255161
2 7 0.194887
7 4 0.395422
7 6 0.399609
4 2 0.175456
5 3 0.358808
1 5 0.402736
6 5 0.222254
1 4 0.353914
4 3 0.370323
2 4 0.176818
5 6 0.265804
6 7 0.322782
1 2 0.361137
4 2 0.274302
5 3 0.426850
5 1 0.184989
5 3 0.332175
3 1 0.332291
6 7 0.224384
6 5 0.391606
4 1 0.384950
5 1 0.357825
2 4 0.205968
6 7 0.390488
1 4 0.415250
5 4 0.187571
7 1 0.419188
6 1 0.277503
3 7 0.245430
6 3 0.403558
6 2 0.345661
6 7 0.175202
4 5 0.241600
4 7 0.192467
1 4 0.415599
5 6 0.322782
2 4 0.282234
7 6 0.179589
1 4 0.167002
1 7 0.386252
2 5 0.212453
6 5 0.287231
6 5 0.246175
2 4 0.258197
2 1 0.341998
3 7 0.331215
4 5 0.170767
3 5 0.165419
2 6 0.384238
2 7 0.343906
6 5 0.294902
2 1 0.243026
1 2 0.347130
3 6 0.430010
7 1 0.293998
7 3 0.377716
4 5 0.286694
3 5 0.171963
1 3 0.177312
2 5 0.432756
4 1 0.252905
2 5 0.387673
4 1 0.294105
3 2 0.278928
4 5 0.169497
1 4 0.341639
5 7 0.303472
1 6 0.167989
5 7 0.385284
7 5 0.361504
5 2 0.244078
6 4 0.315224
1 5 0.237448
7 5 0.368283
1 6 0.302592
3 4 0.348023
6 1 0.417868
3 6 0.176963
2 6 0.415089
3 2 0.177136
2 1 0.248817
5 2 0.218822
7 3 0.296940
2 1 0.338201
6 5 0.258059
3 4 0.400015
6 5 0.230026
4 3 0.232460
