15 1000
13 10 0.981873
12 10 0.730235
1 5 0.261894
8 11 0.599317
11 6 0.625543
11 15 0.985540
6 14 0.688984
7 6 0.750374
14 6 0.863166
2 7 0.692363
15 10 0.435592
3 8 0.014763
5 14 0.236664
2 10 0.406517
15 8 0.419296
1 5 0.482089
15 10 0.390342
6 4 0.112247
15 7 0.830999
1 7 0.474890
10 1 0.048069
8 11 0.598012
12 10 0.018160
4 6 0.529033
11 5 0.387354
11 8 0.987876
9 14 0.546975
1 6 0.008541
13 4 0.294862
15 5 0.218175
5 1 0.013225
11 14 0.383574
15 2 0.272301
8 6 0.818235
14 9 0.842657
2 3 0.858401
8 11 0.482563
5 7 0.491423
4 5 0.990005
5 8 0.857506
3 8 0.755822
2 9 0.358307
4 1 0.854841
2 13 0.655030
11 14 0.218603
4 14 0.267073
5 3 0.297574
8 3 0.649862
5 1 0.486321
12 3 0.932400
6 8 0.383062
3 14 0.618483
5 14 0.876297
5 13 0.683303
15 6 0.857898
2 3 0.356556
3 10 0.852416
6 4 0.624878
15 8 0.591764
12 7 0.840355
15 4 0.440398
8 9 0.800226
14 3 0.586341
13 1 0.516709
15 1 0.823817
14 5 0.382798
13 6 0.180418
6 9 0.989924
14 12 0.656919
14 12 0.185540
7 14 0.008795
10 14 0.287903
14 5 0.298608
5 4 0.926970
10 11 0.757741
10 7 0.692061
1 12 0.443861
12 10 0.110878
9 4 0.739517
11 2 0.872488
9 13 0.288917
1 9 0.438983
2 14 0.881332
4 2 0.308334
8 13 0.746062
6 12 0.318857
12 3 0.865129
3 1 0.544833
10 12 0.027059
9 8 0.829415
12 13 0.990820
1 2 0.304244
12 15 0.172763
9 11 0.604120
1 4 0.069358
14 5 0.243551
12 7 0.994863
2 14 0.732557
3 6 0.383142
15 11 0.725837
1 11 0.711787
1 3 0.608614
9 8 0.006053
10 15 0.344697
14 5 0.032150
8 6 0.121884
2 7 0.585815
4 15 0.883236
13 7 0.265353
3 8 0.664489
2 5 0.023036
14 2 0.751568
5 4 0.625006
14 4 0.606617
5 11 0.798090
2 9 0.231035
8 15 0.775539
1 5 0.600896
2 9 0.004190
11 2 0.889403
12 5 0.242939
12 1 0.582172
2 7 0.278729
11 13 0.398324
1 9 0.880186
2 4 0.188945
2 10 0.537501
6 15 0.013699
5 12 0.772093
2 14 0.787187
2 12 0.208949
1 14 0.293196
13 10 0.581185
12 14 0.509364
9 1 0.091550
2 3 0.598246
11 5 0.516968
1 9 0.445601
5 6 0.658745
11 15 0.982585
13 4 0.002878
3 9 0.080855
4 9 0.825349
3 2 0.646756
4 14 0.711825
10 13 0.293486
4 2 0.576773
13 6 0.685977
12 8 0.568892
13 3 0.923079
11 12 0.946672
7 1 0.291902
10 12 0.448907
7 3 0.871327
4 1 0.129870
2 14 0.005978
14 2 0.800014
7 5 0.900071
11 15 0.250571
12 1 0.729543
13 9 0.505285
15 6 0.931302
15 3 0.853396
13 11 0.733548
5 12 0.349398
6 2 0.802419
10 2 0.717984
4 6 0.981292
11 10 0.193993
3 7 0.560939
13 12 0.503432
13 11 0.050950
8 13 0.038002
10 15 0.896972
2 15 0.104317
9 1 0.214943
12 5 0.624049
3 6 0.329265
13 3 0.796188
12 3 0.534627
9 7 0.615168
4 14 0.180969
12 5 0.011982
6 8 0.298052
7 11 0.954222
12 14 0.371575
8 1 0.745993
13 14 0.529168
5 2 0.704304
9 2 0.426041
10 4 0.655516
5 2 0.722094
7 8 0.206187
6 1 0.746250
9 11 0.124648
14 7 0.171811
4 15 0.432834
5 8 0.117643
8 15 0.831244
14 5 0.933643
15 4 0.489130
6 3 0.786571
8 1 0.384193
4 10 0.700790
1 9 0.885231
10 5 0.873744
7 9 0.881161
4 13 0.455224
6 7 0.120453
9 13 0.141119
5 3 0.370521
2 14 0.086743
8 2 0.666442
1 3 0.771120
8 12 0.234518
10 9 0.917602
13 9 0.391433
3 12 0.503235
6 2 0.538658
15 12 0.760499
4 5 0.043693
12 6 0.499080
13 11 0.555528
12 9 0.127626
10 1 0.102875
13 15 0.503193
15 13 0.242001
14 4 0.017849
3 11 0.200808
13 6 0.801600
13 11 0.275021
10 14 0.288346
4 3 0.222198
5 2 0.390377
10 9 0.044695
9 11 0.684288
3 1 0.160998
3 7 0.805997
9 2 0.055375
14 1 0.896146
7 3 0.245264
1 8 0.063848
5 4 0.487202
13 14 0.749614
10 7 0.065260
6 2 0.236699
7 2 0.112829
10 5 0.319338
8 1 0.236321
3 13 0.990100
13 1 0.523054
1 5 0.835548
14 13 0.308274
6 1 0.047411
12 5 0.371715
12 1 0.758035
8 10 0.235491
7 6 0.216044
1 11 0.721297
13 4 0.422358
14 5 0.544442
6 11 0.930912
7 9 0.319272
15 1 0.834999
11 15 0.422884
11 12 0.473297
14 2 0.576032
1 5 0.592291
8 13 0.974706
11 1 0.841074
14 12 0.389143
2 10 0.802103
7 14 0.381183
12 14 0.545186
5 12 0.896117
15 4 0.770213
6 9 0.664696
8 13 0.199060
3 15 0.565701
6 10 0.850524
3 9 0.852705
12 8 0.551135
13 15 0.411497
11 9 0.661982
8 7 0.829217
3 15 0.326713
13 11 0.505149
12 7 0.487252
3 7 0.721968
15 12 0.498577
14 15 0.277211
14 1 0.766805
15 3 0.592553
11 9 0.903684
2 9 0.127195
1 10 0.467941
7 8 0.352214
13 12 0.540199
11 1 0.928851
8 4 0.397859
10 1 0.151525
10 4 0.623735
13 2 0.136727
14 3 0.208598
2 15 0.692579
15 4 0.475340
14 2 0.588493
10 13 0.181166
12 10 0.192583
8 11 0.181453
6 10 0.820240
9 1 0.769084
11 2 0.149523
1 7 0.021781
15 9 0.322836
10 3 0.610195
1 8 0.353114
10 11 0.299844
3 14 0.724358
2 7 0.159494
3 8 0.994951
12 9 0.527314
9 4 0.581311
12 3 0.296026
3 2 0.131045
8 5 0.664316
6 3 0.634876
10 7 0.394875
12 15 0.196007
7 1 0.998113
14 11 0.440743
12 4 0.271116
5 12 0.129465
11 5 0.017790
2 14 0.574160
6 8 0.008248
7 14 0.195553
14 3 0.175879
2 15 0.527143
11 12 0.768327
8 11 0.686474
8 10 0.732452
7 1 0.027997
8 6 0.807404
7 3 0.984287
8 5 0.241058
10 13 0.143759
7 15 0.774330
2 6 0.482577
14 15 0.940635
8 11 0.759022
5 13 0.098353
7 3 0.736938
3 5 0.731067
3 13 0.171365
13 2 0.207725
6 12 0.667499
10 8 0.532503
6 9 0.613454
1 7 0.241830
11 6 0.788808
12 1 0.074688
13 4 0.478007
11 12 0.368806
1 2 0.499070
15 8 0.795322
1 11 0.320802
10 2 0.326594
2 12 0.181222
12 14 0.909312
1 2 0.853176
3 9 0.978919
11 1 0.061414
9 13 0.024466
14 12 0.495805
1 6 0.648134
10 13 0.744912
4 6 0.720525
9 14 0.447558
1 7 0.110110
15 13 0.966216
1 11 0.504699
13 10 0.487168
13 7 0.586685
6 10 0.099815
15 12 0.154422
10 1 0.866676
5 11 0.570612
12 3 0.009519
7 3 0.719268
15 13 0.960895
3 7 0.149417
12 8 0.227070
13 4 0.649903
6 3 0.899208
14 1 0.748876
15 13 0.762464
15 14 0.910995
1 3 0.272808
5 4 0.026737
3 14 0.533804
9 5 0.441473
7 2 0.583228
7 10 0.124276
11 6 0.917373
4 7 0.928302
13 1 0.408899
11 3 0.242112
5 1 0.629394
5 3 0.428829
10 11 0.050891
8 5 0.811242
1 7 0.355282
6 1 0.694662
8 4 0.551056
7 15 0.487932
8 6 0.405142
12 6 0.897132
14 8 0.067767
9 8 0.396190
5 3 0.992339
15 10 0.440686
10 7 0.150109
2 5 0.019763
2 3 0.924629
11 3 0.547060
10 3 0.953864
13 10 0.520356
4 3 0.389035
8 6 0.981197
6 2 0.764995
9 4 0.724934
7 14 0.408786
4 5 0.066484
4 12 0.454810
10 11 0.823292
2 12 0.295632
13 1 0.192274
7 2 0.560265
13 8 0.665060
9 14 0.870249
6 15 0.150469
13 9 0.181727
14 9 0.262005
11 7 0.170482
2 1 0.293303
8 4 0.105497
2 1 0.863263
11 1 0.174211
4 2 0.999607
6 11 0.259018
9 3 0.078407
8 4 0.849041
8 11 0.826638
12 2 0.332645
12 11 0.096456
6 9 0.815836
5 10 0.651154
4 9 0.796399
15 1 0.253009
13 7 0.915645
6 8 0.490948
8 15 0.154786
12 4 0.955302
8 3 0.689600
13 1 0.472217
2 9 0.485976
4 12 0.397216
1 2 0.109419
11 14 0.886969
11 9 0.083939
6 10 0.446076
8 3 0.580869
2 12 0.158703
6 11 0.016626
5 12 0.202152
13 14 0.750938
14 13 0.626027
15 9 0.129525
4 10 0.569319
11 3 0.125120
15 5 0.589758
9 11 0.426581
7 4 0.632355
2 1 0.054945
15 8 0.254999
11 6 0.290012
10 7 0.849344
8 11 0.279485
11 9 0.304574
14 5 0.753543
11 9 0.847614
3 15 0.366810
13 3 0.477815
2 3 0.453415
14 12 0.878284
13 4 0.132012
11 14 0.281920
4 10 0.619663
5 2 0.025013
9 5 0.312016
7 4 0.861918
11 5 0.816751
9 6 0.247301
9 12 0.585254
9 1 0.997728
3 7 0.403468
15 3 0.790526
14 10 0.744198
3 15 0.856254
11 14 0.810563
8 3 0.344415
4 14 0.097183
8 13 0.697677
9 8 0.631678
14 3 0.619854
13 5 0.750519
2 6 0.622928
2 1 0.310717
5 3 0.539824
8 9 0.428458
10 9 0.945029
12 15 0.610670
13 7 0.636847
12 4 0.287729
14 6 0.160934
10 1 0.598871
10 13 0.234473
10 14 0.110189
15 6 0.118145
10 12 0.513241
14 7 0.632656
2 4 0.658172
13 8 0.709125
2 1 0.702636
14 6 0.553902
7 6 0.104597
9 15 0.056857
13 5 0.439668
1 9 0.944643
1 11 0.188708
8 14 0.054206
15 5 0.722881
11 5 0.100604
7 10 0.551054
9 7 0.802332
9 13 0.679306
8 4 0.011669
5 2 0.966519
6 2 0.353310
13 9 0.592332
6 11 0.794563
7 2 0.243055
7 11 0.209538
12 2 0.685869
13 3 0.324839
15 10 0.091207
15 4 0.610193
2 6 0.450269
8 12 0.397499
15 10 0.616767
4 1 0.338532
12 14 0.494321
13 6 0.206087
10 12 0.010312
14 10 0.522394
2 13 0.181115
8 14 0.996924
1 9 0.543098
13 10 0.213801
8 6 0.044910
5 10 0.593425
2 15 0.814791
15 1 0.057448
11 15 0.319520
5 9 0.551009
9 8 0.091993
6 15 0.632488
7 14 0.699960
14 8 0.209484
9 14 0.947268
5 8 0.695612
10 1 0.834903
7 5 0.413959
8 1 0.322257
7 13 0.403890
4 11 0.322785
10 12 0.662833
11 8 0.473584
15 7 0.250008
5 12 0.053225
7 1 0.755524
12 15 0.104171
12 13 0.017577
1 6 0.112186
13 8 0.337477
13 3 0.528244
15 8 0.152330
6 2 0.510662
10 3 0.922559
5 1 0.975926
2 1 0.124675
8 4 0.109433
2 3 0.869346
8 2 0.938521
9 6 0.587099
12 9 0.155568
5 13 0.561611
8 3 0.547823
14 3 0.172790
12 6 0.229607
9 14 0.902861
4 12 0.083442
4 11 0.447220
3 11 0.772297
5 15 0.517003
4 9 0.303995
2 13 0.162803
2 11 0.469215
11 7 0.591367
13 5 0.006945
8 6 0.432303
4 5 0.247171
11 5 0.515176
14 5 0.343348
7 15 0.143703
8 11 0.485460
7 10 0.110527
6 2 0.013583
5 6 0.197223
9 11 0.239312
1 7 0.160544
6 14 0.083369
8 11 0.430391
15 10 0.350641
6 3 0.967699
5 4 0.485164
8 15 0.110129
5 6 0.938439
8 15 0.071264
3 1 0.868901
5 9 0.246567
14 4 0.511833
7 3 0.560436
2 5 0.660942
14 10 0.308116
7 5 0.500886
13 10 0.927502
9 15 0.768827
7 14 0.225077
11 5 0.476650
5 9 0.908317
13 3 0.386678
15 7 0.912996
11 14 0.904452
12 15 0.017275
14 7 0.588071
7 13 0.145026
14 5 0.105406
15 9 0.429964
5 15 0.099046
2 13 0.508187
8 11 0.960421
9 3 0.680785
3 15 0.300582
15 12 0.726800
5 2 0.058425
15 14 0.650329
14 9 0.867289
7 4 0.956730
1 7 0.284059
15 9 0.088416
14 4 0.263528
5 6 0.206617
9 10 0.327808
3 12 0.461586
11 7 0.622742
10 4 0.654080
15 12 0.299698
9 11 0.770608
7 2 0.064605
8 9 0.402260
9 8 0.172680
15 12 0.085253
8 10 0.986876
4 7 0.137711
5 7 0.378365
10 1 0.916989
4 6 0.687988
1 2 0.277323
14 10 0.683096
12 6 0.260342
4 9 0.004388
6 10 0.985364
1 11 0.664220
2 12 0.759763
9 13 0.885181
7 5 0.191296
9 2 0.554888
13 6 0.004425
4 10 0.543910
7 1 0.279446
6 13 0.264242
6 7 0.091573
3 4 0.306679
10 2 0.420460
7 1 0.747590
11 4 0.009300
6 9 0.229307
12 10 0.674189
15 5 0.303223
14 2 0.475849
2 3 0.760559
8 13 0.188876
2 10 0.491479
14 12 0.930760
8 13 0.738033
8 14 0.474757
14 7 0.416097
14 15 0.712496
2 10 0.520469
11 12 0.764988
14 1 0.142240
1 7 0.768763
4 9 0.947953
1 12 0.921671
2 8 0.261741
7 14 0.153493
5 1 0.190532
7 14 0.099410
2 1 0.418857
4 10 0.139965
3 8 0.264642
12 5 0.884046
7 10 0.811344
9 14 0.009930
9 12 0.400742
12 15 0.345936
10 11 0.859682
11 1 0.204560
7 2 0.329244
8 3 0.908982
12 2 0.157109
11 9 0.434555
5 13 0.878756
13 10 0.031803
10 15 0.807487
10 4 0.570343
9 3 0.971388
13 9 0.860979
7 15 0.974499
8 12 0.131614
2 6 0.310545
9 1 0.746883
12 6 0.742500
15 13 0.337722
13 7 0.092143
3 13 0.443499
5 13 0.467285
14 15 0.431630
15 7 0.117279
13 4 0.327772
12 1 0.938588
14 6 0.526911
11 3 0.557673
6 8 0.309776
4 7 0.806161
12 4 0.183481
9 15 0.042126
8 5 0.017261
4 5 0.283097
12 9 0.286079
8 7 0.328047
9 2 0.873677
15 4 0.755832
6 10 0.571394
14 2 0.052539
15 12 0.850071
3 9 0.786516
3 13 0.893521
6 14 0.662677
10 8 0.730605
5 9 0.994058
11 15 0.641143
4 9 0.249873
10 14 0.134920
11 2 0.960503
9 10 0.375231
4 10 0.857565
11 14 0.433583
5 11 0.686226
13 2 0.068849
10 1 0.483890
12 14 0.912816
1 11 0.792279
8 3 0.009599
3 1 0.232901
7 5 0.351555
13 7 0.597306
2 14 0.984544
5 7 0.470694
8 2 0.996807
8 7 0.763878
9 13 0.711326
5 13 0.405710
9 11 0.259637
2 9 0.305285
1 13 0.549949
15 14 0.285171
11 7 0.756685
6 13 0.353265
1 8 0.215584
13 4 0.513103
2 5 0.006465
14 11 0.716354
11 13 0.702916
13 4 0.132536
15 8 0.336832
12 9 0.707795
15 1 0.039721
4 14 0.757958
5 12 0.631089
1 8 0.951022
5 9 0.225742
7 3 0.460905
5 4 0.768473
11 4 0.061529
10 9 0.382622
9 10 0.355644
9 8 0.919887
11 2 0.045586
6 8 0.575007
1 8 0.614410
14 6 0.578454
6 4 0.175053
5 2 0.923807
5 14 0.923330
9 8 0.551197
13 8 0.596735
10 14 0.014708
15 13 0.696524
9 8 0.130428
7 3 0.371317
8 5 0.353722
1 14 0.866712
7 2 0.842662
8 5 0.186560
9 10 0.265946
15 1 0.493483
2 12 0.114466
1 12 0.401892
3 13 0.336625
14 13 0.276780
13 3 0.735264
15 9 0.664716
6 2 0.030449
1 9 0.687705
8 5 0.520199
11 5 0.695492
3 15 0.643897
14 2 0.066278
1 9 0.577502
9 6 0.080290
11 12 0.060819
7 6 0.795798
6 7 0.790117
13 2 0.853828
2 4 0.990876
4 3 0.768034
5 9 0.907351
9 11 0.018222
3 14 0.675427
13 11 0.063543
2 10 0.580297
3 6 0.643449
4 13 0.462550
4 8 0.649505
4 2 0.188028
7 5 0.302155
14 8 0.842836
10 12 0.274805
4 11 0.374794
5 12 0.382690
14 3 0.626452
11 13 0.208936
5 15 0.174754
12 10 0.313051
1 9 0.358556
10 4 0.599240
12 15 0.152643
7 5 0.535033
1 14 0.811902
9 15 0.890304
10 8 0.035983
2 11 0.693322
8 9 0.967483
14 2 0.150075
14 5 0.611566
3 2 0.642455
4 6 0.930734
10 12 0.201248
15 14 0.454704
6 3 0.897807
2 10 0.602719
13 12 0.718038
5 1 0.016952
15 12 0.918228
10 13 0.976982
12 13 0.381217
9 5 0.339382
5 11 0.764245
13 1 0.481952
5 8 0.454528
9 6 0.178864
15 4 0.522568
12 1 0.315679
6 14 0.945213
7 15 0.492305
12 2 0.049483
1 14 0.525125
3 1 0.974362
7 15 0.340318
11 3 0.107916
1 12 0.804995
1 13 0.813448
6 10 0.269509
12 5 0.499576
9 12 0.349799
9 4 0.455918
11 14 0.804345
7 6 0.929052
9 12 0.057486
8 11 0.392757
12 10 0.210964
11 12 0.292562
12 1 0.085238
5 9 0.764030
14 1 0.479558
9 6 0.880066
5 11 0.251968
13 12 0.516437
6 7 0.941167
2 9 0.069529
15 10 0.067793
9 11 0.029757
4 1 0.911100
9 6 0.381289
10 9 0.147110
14 7 0.027368
14 4 0.587032
1 13 0.235674
4 1 0.642319
9 11 0.751396
14 5 0.533229
15 4 0.046963
6 10 0.962851
12 1 0.908469
10 13 0.190463
12 1 0.440506
14 2 0.983001
5 1 0.378649
13 1 0.748097
4 2 0.905068
2 5 0.256546
1 11 0.680606
7 9 0.140870
4 9 0.212981
1 10 0.018794
14 11 0.292953
7 5 0.556980
2 11 0.897684
12 11 0.177283
10 8 0.084511
8 6 0.523954
11 5 0.360239
10 8 0.353796
4 6 0.457829
5 14 0.388207
6 13 0.363862
8 6 0.977675
13 11 0.236981
15 12 0.469967
15 5 0.163384
5 13 0.902325
7 10 0.833076
5 15 0.878673
6 8 0.839359
6 1 0.920820
2 3 0.606195
5 10 0.823033
4 3 0.405896
8 11 0.548072
7 5 0.908172
11 8 0.504040
15 2 0.967092
6 3 0.004281
11 6 0.419761
5 10 0.215847
15 7 0.783635
4 11 0.785086
