15 1000
1 3 0.030342
15 14 0.062852
12 13 0.066622
12 10 0.084391
14 4 0.061144
11 6 0.003950
6 5 0.000296
5 3 0.065871
3 14 0.085767
7 5 0.004871
9 4 0.079441
7 8 0.085813
2 4 0.046460
8 15 0.041717
1 7 0.086786
11 9 0.071442
14 15 0.057437
12 14 0.002542
4 9 0.015488
14 15 0.001110
9 8 0.086482
6 15 0.022333
6 15 0.039776
12 11 0.082580
8 9 0.056914
12 5 0.038575
9 10 0.086679
2 7 0.000888
7 9 0.094473
2 7 0.067098
7 2 0.002562
7 4 0.055332
14 13 0.050315
14 4 0.032984
10 8 0.072616
15 9 0.094883
7 13 0.025789
9 8 0.023653
13 14 0.019516
7 12 0.044747
5 14 0.092844
15 7 0.010938
10 14 0.061017
11 13 0.072167
10 13 0.078153
13 14 0.080954
9 2 0.075018
6 10 0.097803
3 7 0.092819
9 11 0.097800
15 11 0.050121
7 10 0.090385
12 13 0.037820
4 13 0.002960
8 13 0.089059
13 10 0.056989
3 7 0.000721
5 1 0.020911
14 11 0.085261
6 7 0.037454
12 5 0.075227
9 1 0.052585
13 4 0.004635
7 12 0.006722
5 7 0.018610
2 10 0.042206
8 5 0.003313
4 14 0.032294
9 3 0.003346
15 13 0.024537
6 5 0.034660
1 7 0.024577
11 2 0.002856
10 3 0.004536
15 13 0.082093
5 6 0.031483
7 4 0.065785
12 11 0.032271
5 2 0.064491
7 15 0.072382
4 14 0.014426
1 2 0.043546
2 13 0.014605
6 9 0.022085
11 13 0.014040
10 15 0.066599
3 13 0.045712
15 7 0.066403
5 11 0.039191
9 13 0.049230
7 12 0.084375
4 9 0.078260
7 11 0.097079
5 13 0.029028
4 13 0.079704
14 9 0.031119
10 11 0.030481
4 14 0.040318
2 5 0.074818
8 2 0.030997
6 12 0.066817
6 5 0.053116
2 14 0.021454
9 6 0.001641
6 3 0.021512
11 15 0.034033
6 5 0.050873
13 6 0.001558
6 4 0.028353
3 8 0.049009
14 3 0.030897
15 12 0.039259
12 8 0.087687
3 12 0.032870
8 15 0.051489
10 8 0.075966
9 3 0.036214
1 11 0.076924
7 5 0.013616
8 12 0.073051
4 5 0.038967
8 1 0.034819
11 2 0.015730
11 15 0.052420
14 9 0.077105
3 12 0.004246
1 13 0.088144
2 9 0.046597
13 8 0.000571
1 7 0.077834
10 14 0.030903
12 10 0.093844
8 6 0.035881
10 1 0.068195
9 15 0.079160
6 12 0.035883
10 5 0.074554
1 11 0.078967
8 15 0.002723
11 7 0.081104
4 6 0.006664
12 2 0.033548
15 10 0.062575
3 10 0.075440
1 11 0.059590
5 2 0.042991
2 9 0.026512
9 8 0.058966
3 11 0.099957
4 9 0.054502
13 4 0.065309
5 6 0.072810
15 1 0.093282
12 7 0.060772
13 15 0.002279
12 10 0.042333
12 1 0.037320
7 9 0.024288
11 10 0.093134
13 5 0.075829
1 7 0.086824
2 9 0.061565
6 4 0.016149
1 4 0.041931
11 9 0.052747
15 6 0.095738
4 14 0.078306
7 6 0.046962
5 6 0.029348
3 6 0.095429
2 10 0.089266
7 1 0.098766
6 1 0.042787
5 2 0.081878
7 13 0.047193
15 2 0.089936
2 9 0.060520
13 8 0.007343
3 8 0.090454
4 15 0.048924
6 7 0.093019
7 4 0.077096
11 13 0.025217
5 3 0.081087
12 4 0.016574
4 2 0.073552
5 8 0.018179
4 13 0.076765
13 4 0.014103
7 8 0.058156
11 7 0.072074
13 2 0.047054
2 15 0.050973
6 1 0.077111
10 1 0.076303
6 11 0.067441
15 5 0.014973
1 3 0.028107
1 4 0.020912
9 1 0.017335
14 8 0.042791
3 13 0.044178
13 8 0.053930
11 15 0.021786
11 9 0.056427
15 11 0.041971
2 6 0.065545
12 5 0.091459
12 13 0.059885
1 4 0.089286
3 1 0.023116
9 7 0.014490
13 4 0.033550
3 10 0.004372
4 7 0.012559
8 4 0.046959
10 12 0.067635
1 14 0.027582
3 14 0.027634
14 2 0.064848
2 14 0.066211
1 5 0.095508
14 15 0.008293
10 4 0.074388
1 11 0.082647
11 9 0.051352
4 5 0.020930
11 2 0.097009
5 15 0.052263
9 7 0.014775
13 9 0.087966
14 13 0.072659
14 7 0.053512
12 9 0.091737
8 7 0.060736
6 2 0.026534
13 8 0.029200
12 1 0.005071
15 7 0.075174
12 6 0.081937
13 4 0.081039
9 15 0.077381
8 12 0.084344
11 5 0.085542
4 13 0.088084
6 14 0.065667
15 13 0.079276
15 14 0.072739
11 5 0.046819
12 3 0.080483
6 7 0.047887
3 13 0.038164
10 12 0.082720
6 12 0.084405
9 8 0.019875
14 1 0.035421
8 11 0.037983
7 2 0.055906
9 13 0.080624
1 3 0.039019
8 11 0.006797
3 14 0.088884
6 7 0.020546
2 4 0.030251
10 3 0.021664
12 9 0.057711
3 1 0.084311
12 6 0.038978
3 15 0.004054
7 3 0.077949
11 5 0.003758
13 12 0.010394
1 2 0.079687
15 4 0.025251
8 11 0.021004
7 6 0.075090
7 8 0.053696
3 13 0.048556
11 9 0.027145
14 12 0.049932
8 13 0.026895
14 11 0.008037
10 5 0.008210
8 1 0.034479
6 14 0.029847
10 12 0.003131
13 11 0.003678
9 8 0.097321
1 10 0.026991
9 15 0.033429
6 4 0.003720
11 8 0.053212
2 13 0.007375
1 15 0.064519
3 4 0.099291
10 15 0.042272
7 13 0.019916
4 9 0.048750
9 14 0.029286
10 4 0.095287
15 4 0.032675
9 3 0.080154
10 11 0.045775
7 5 0.029356
2 7 0.007625
13 5 0.077958
12 14 0.090960
3 1 0.030665
1 8 0.037223
5 7 0.027365
6 7 0.021762
5 14 0.069984
15 6 0.070287
1 12 0.083716
5 10 0.064075
8 1 0.077528
14 7 0.034443
11 13 0.000818
7 8 0.097801
2 12 0.058898
2 10 0.083074
12 11 0.039595
6 8 0.012488
12 13 0.019654
8 4 0.053615
8 5 0.050741
4 1 0.082392
9 12 0.068094
10 1 0.039287
15 7 0.001866
6 10 0.019977
11 5 0.015416
1 4 0.024614
4 6 0.016751
8 10 0.030564
11 13 0.052950
4 12 0.006986
14 5 0.078701
12 6 0.072451
3 7 0.070584
4 12 0.009854
6 3 0.034437
5 12 0.017152
10 12 0.050735
9 15 0.031026
14 1 0.070388
11 15 0.085077
7 4 0.010687
5 1 0.012958
14 9 0.074326
8 9 0.043369
13 1 0.022601
1 3 0.000286
10 9 0.068369
4 12 0.048941
15 6 0.068364
7 14 0.050928
6 1 0.017606
11 2 0.074888
14 12 0.091920
14 5 0.001989
2 1 0.006789
10 9 0.013359
1 13 0.066613
2 14 0.002015
12 7 0.075954
13 2 0.060473
15 14 0.083266
15 5 0.023441
5 13 0.065675
15 2 0.035210
14 12 0.017733
6 8 0.049005
8 14 0.094119
13 15 0.009226
2 6 0.079324
3 10 0.002924
1 9 0.008600
10 7 0.094734
10 12 0.072947
3 10 0.043354
14 5 0.014050
6 5 0.049640
10 2 0.082119
6 10 0.024360
14 12 0.070019
3 8 0.052371
7 5 0.070522
3 9 0.077023
6 12 0.091227
9 12 0.044912
15 5 0.079621
9 3 0.043018
8 14 0.064523
9 6 0.042948
2 11 0.011975
2 7 0.063010
12 11 0.079471
10 13 0.036928
12 13 0.048781
15 6 0.009259
9 12 0.058213
7 8 0.076048
14 9 0.034230
1 6 0.028087
7 13 0.000247
2 3 0.075325
4 10 0.088783
3 4 0.030769
15 6 0.080423
10 5 0.033164
11 14 0.045255
12 2 0.094947
15 3 0.000716
13 10 0.062115
12 8 0.060366
6 9 0.084538
10 3 0.092516
14 10 0.011808
13 4 0.061492
1 10 0.007920
4 14 0.049653
3 9 0.020046
8 5 0.010730
11 1 0.032769
10 9 0.098623
9 7 0.066275
9 14 0.007397
1 4 0.082232
15 13 0.012134
4 5 0.009845
13 5 0.054542
4 2 0.021026
9 11 0.085075
11 15 0.019822
6 8 0.094241
8 7 0.023473
13 5 0.044465
9 13 0.016635
1 10 0.042229
5 14 0.048597
6 10 0.027765
13 1 0.029295
8 2 0.044813
7 6 0.026634
10 5 0.064866
3 10 0.093265
2 7 0.030082
1 15 0.072736
11 9 0.013044
6 15 0.009692
14 4 0.070835
14 8 0.003884
9 6 0.038068
14 5 0.034473
5 4 0.052368
3 13 0.033075
9 14 0.098012
6 15 0.010445
3 14 0.022976
5 1 0.034088
7 8 0.084270
1 12 0.098683
14 3 0.028098
13 7 0.009012
15 13 0.064057
6 11 0.040167
5 14 0.057482
6 14 0.055604
13 15 0.086599
12 2 0.083485
8 7 0.002783
5 2 0.098378
2 8 0.086468
2 13 0.077426
8 1 0.002908
12 8 0.048724
13 5 0.001910
1 14 0.069769
15 7 0.072611
8 12 0.097545
6 5 0.072595
13 6 0.080694
1 12 0.004581
6 2 0.077787
11 6 0.003073
12 3 0.003581
6 15 0.077935
14 7 0.015718
7 9 0.052146
14 6 0.041959
5 2 0.060481
12 2 0.065870
12 2 0.021334
12 5 0.023998
13 14 0.074273
10 13 0.035312
1 13 0.091966
7 2 0.058706
10 4 0.006687
1 15 0.093267
7 12 0.030629
13 15 0.013281
13 15 0.096599
9 5 0.027195
12 2 0.034330
12 8 0.094254
2 5 0.018186
11 9 0.079457
4 10 0.035061
12 9 0.048993
7 10 0.038235
10 12 0.023128
11 5 0.036915
4 6 0.056646
1 12 0.020522
3 8 0.050918
10 12 0.035055
13 5 0.065652
12 13 0.093328
1 8 0.018691
4 14 0.020195
8 13 0.032944
14 15 0.038896
7 4 0.063372
7 10 0.016217
3 13 0.096512
9 6 0.059420
10 5 0.054101
1 12 0.012658
2 9 0.066374
5 2 0.051976
6 5 0.032079
14 10 0.059106
7 9 0.084130
3 10 0.095099
1 9 0.045729
5 15 0.088419
5 13 0.006080
2 4 0.099209
5 4 0.018494
1 6 0.039077
2 4 0.045045
10 14 0.090101
5 1 0.045180
3 5 0.054889
13 7 0.001950
11 14 0.039492
13 14 0.073837
2 10 0.023733
15 4 0.006260
8 6 0.074195
13 11 0.043060
3 14 0.012729
5 9 0.013291
14 6 0.033674
10 1 0.074229
12 15 0.042412
11 4 0.072091
2 3 0.064906
12 13 0.006496
8 12 0.093669
14 12 0.052055
5 14 0.099135
5 4 0.035970
1 2 0.028591
8 2 0.069851
3 15 0.067907
13 6 0.027198
9 1 0.055058
15 10 0.028923
9 6 0.046647
2 9 0.080305
2 13 0.050964
6 14 0.041005
8 5 0.059650
3 1 0.083490
11 4 0.024852
11 8 0.043877
3 14 0.089731
13 14 0.043524
3 4 0.073867
11 6 0.058883
14 15 0.047707
6 11 0.041568
6 4 0.090335
8 3 0.009122
11 10 0.038943
6 15 0.043000
5 6 0.097982
14 12 0.053733
15 7 0.063149
3 10 0.005741
13 6 0.051659
14 2 0.019008
6 14 0.032479
4 10 0.047910
10 15 0.016447
1 12 0.018632
4 12 0.081779
6 13 0.011497
12 13 0.074615
1 14 0.022974
7 2 0.088962
14 15 0.077391
11 15 0.034293
7 8 0.048549
2 11 0.098592
5 3 0.097320
5 7 0.078951
3 15 0.028136
6 13 0.007239
11 6 0.049368
12 5 0.061522
5 12 0.031832
2 8 0.021578
8 9 0.014007
2 11 0.092721
15 1 0.030445
3 7 0.006676
11 10 0.050348
9 1 0.088581
10 14 0.075092
9 4 0.095405
1 4 0.060835
4 14 0.097495
11 14 0.061989
1 14 0.031828
12 2 0.030130
3 2 0.033523
8 9 0.023194
14 11 0.022661
2 5 0.038511
13 3 0.013934
2 12 0.051372
11 2 0.068483
8 14 0.008002
1 12 0.079512
11 8 0.040644
7 2 0.057140
7 4 0.041115
2 13 0.022900
2 4 0.052094
6 15 0.055420
13 14 0.091192
12 8 0.037856
14 4 0.004749
1 8 0.014538
10 2 0.003410
10 2 0.019965
14 15 0.060606
8 9 0.015935
9 14 0.014991
11 14 0.014976
15 3 0.031832
5 4 0.036577
7 5 0.002086
1 5 0.061280
15 9 0.063371
3 6 0.070299
8 2 0.018673
13 4 0.050800
2 8 0.036893
12 4 0.085055
2 13 0.009543
2 1 0.069417
9 6 0.036675
7 4 0.063095
5 3 0.072834
4 2 0.054010
4 14 0.095700
10 1 0.061628
6 7 0.000824
2 6 0.087221
5 15 0.063613
7 2 0.025941
2 15 0.080685
5 12 0.099463
11 13 0.091162
2 4 0.072956
5 1 0.081077
4 3 0.097526
4 5 0.058493
6 5 0.070071
5 9 0.081683
9 2 0.030901
10 7 0.064231
9 3 0.010636
12 1 0.013719
13 9 0.059220
2 11 0.081260
4 9 0.009549
14 6 0.095961
2 14 0.055583
2 7 0.003838
1 15 0.000670
10 4 0.029337
8 15 0.046633
12 7 0.010414
14 6 0.019387
6 7 0.081316
3 14 0.061837
7 9 0.071094
3 13 0.002642
4 11 0.089456
3 7 0.072746
8 1 0.093062
9 10 0.050716
8 1 0.064801
4 14 0.021246
8 11 0.010107
14 8 0.003013
11 3 0.010153
3 8 0.008263
9 5 0.046315
10 1 0.091475
1 12 0.033083
10 14 0.050244
10 15 0.033464
2 14 0.069287
3 2 0.004477
14 15 0.028501
5 8 0.071995
2 7 0.004643
11 1 0.044613
10 2 0.044060
9 3 0.045475
7 5 0.013672
14 2 0.076588
14 5 0.062478
6 8 0.027614
4 9 0.098199
5 14 0.072484
15 7 0.074074
4 7 0.026034
3 10 0.066311
8 4 0.010904
2 5 0.039900
14 7 0.075549
4 6 0.064097
10 14 0.039669
3 10 0.037317
5 14 0.088298
6 3 0.088579
14 3 0.008918
15 13 0.053557
6 14 0.031012
4 5 0.071420
11 13 0.087642
7 1 0.005317
4 2 0.082951
15 3 0.044915
10 4 0.091256
9 15 0.068869
4 2 0.048291
2 4 0.045686
3 6 0.073475
13 10 0.086326
1 7 0.034735
8 11 0.014160
9 3 0.033287
5 13 0.011270
1 11 0.015437
5 7 0.096919
7 8 0.090937
11 15 0.097005
6 13 0.043089
11 5 0.046484
10 12 0.013899
13 12 0.001449
12 6 0.067736
11 14 0.034329
8 9 0.036273
8 3 0.032450
13 10 0.097349
12 4 0.059026
5 13 0.078089
13 6 0.095505
13 15 0.006719
14 10 0.034268
4 14 0.094523
15 14 0.058376
13 1 0.089573
13 12 0.090096
11 12 0.088580
14 4 0.058204
15 9 0.085262
6 3 0.025552
15 14 0.070654
1 12 0.051117
3 15 0.037597
9 3 0.008984
7 4 0.029277
6 9 0.091862
9 11 0.064452
6 9 0.083646
4 15 0.045975
4 2 0.091365
14 5 0.071246
6 15 0.072351
9 2 0.027567
2 15 0.049970
6 3 0.089470
15 4 0.077198
9 7 0.091126
8 1 0.057693
2 6 0.091915
6 4 0.097410
2 6 0.058906
13 5 0.077708
7 3 0.012749
10 4 0.076239
11 8 0.051529
10 15 0.014179
1 14 0.068751
15 4 0.099882
11 10 0.012698
8 3 0.060600
1 11 0.065369
15 8 0.092601
5 14 0.021286
14 3 0.011167
7 13 0.003913
10 6 0.051294
13 3 0.074912
13 12 0.059630
14 12 0.065317
12 5 0.090139
8 5 0.010470
15 9 0.040299
4 3 0.098718
7 15 0.054893
3 13 0.014465
14 10 0.068387
4 3 0.015508
12 3 0.020071
2 13 0.058218
6 2 0.021156
8 6 0.079748
4 10 0.006922
5 6 0.074229
11 3 0.088276
2 10 0.097435
9 5 0.073380
5 8 0.007531
1 14 0.003482
12 4 0.067842
6 3 0.024092
15 6 0.027107
13 14 0.095021
11 9 0.015088
6 8 0.014159
14 2 0.006385
10 4 0.087365
2 11 0.001065
13 9 0.045151
12 15 0.069319
15 6 0.022400
1 10 0.013491
11 5 0.083516
4 8 0.015831
6 4 0.061899
8 9 0.032717
5 1 0.009595
14 8 0.044101
15 10 0.020807
15 10 0.052662
10 7 0.066822
8 13 0.015664
8 15 0.014309
1 15 0.013780
10 6 0.069084
10 6 0.009456
3 13 0.014971
10 13 0.002356
14 7 0.087735
5 1 0.016212
12 14 0.079624
1 5 0.032629
3 10 0.095920
14 1 0.076754
5 9 0.086773
6 5 0.006285
9 2 0.059717
12 9 0.072343
15 11 0.050805
3 9 0.097812
14 8 0.047894
9 8 0.068261
1 4 0.078051
6 4 0.041724
15 13 0.002203
9 4 0.092381
9 7 0.021316
11 8 0.058020
10 12 0.048350
14 7 0.067608
13 11 0.079413
5 4 0.061996
2 4 0.023096
14 11 0.038709
10 7 0.080988
7 5 0.010965
6 11 0.051676
12 5 0.025670
3 11 0.006923
14 1 0.090216
8 13 0.009883
10 9 0.082490
9 7 0.051883
4 13 0.067679
5 10 0.060547
15 2 0.013783
12 6 0.046017
11 3 0.037083
5 3 0.006969
15 7 0.038607
8 3 0.007321
2 3 0.079531
15 10 0.011060
14 15 0.009670
1 11 0.005557
2 13 0.055590
13 5 0.018221
15 4 0.009592
11 3 0.043601
10 9 0.009460
2 13 0.088780
1 14 0.062628
8 15 0.083397
2 8 0.022523
8 14 0.084497
6 11 0.075302
6 7 0.060426
8 13 0.033850
6 13 0.018959
15 8 0.094756
9 8 0.080282
4 15 0.012332
15 3 0.091766
9 13 0.087293
14 11 0.023332
13 7 0.069478
1 2 0.031943
10 5 0.092671
13 14 0.013225
3 6 0.022723
4 11 0.038588
6 14 0.007830
11 10 0.057612
3 9 0.042122
3 13 0.098117
15 11 0.023945
15 3 0.064363
9 6 0.082327
1 2 0.033844
8 14 0.064141
14 8 0.038345
11 9 0.068010
15 1 0.049309
11 2 0.096507
8 7 0.054448
5 11 0.024443
10 5 0.006406
15 5 0.083984
9 13 0.006821
12 13 0.009502
15 6 0.017250
4 13 0.033776
6 7 0.048250
13 4 0.033920
15 4 0.034968
3 12 0.038800
6 7 0.067883
3 15 0.028251
13 10 0.061694
15 7 0.017479
7 14 0.096159
5 4 0.057141
8 7 0.002468
5 4 0.045682
1 11 0.056389
1 11 0.054838
9 12 0.083095
10 6 0.067821
8 15 0.083492
13 11 0.093019
14 8 0.079421
8 3 0.081140
12 9 0.004899
9 6 0.088089
7 2 0.062263
3 5 0.061200
9 7 0.003720
4 11 0.085204
11 2 0.059442
14 8 0.078534
1 9 0.036630
3 4 0.022700
10 2 0.001822
