15 1000
4 15 0.032757
9 12 0.083966
14 6 0.086559
2 3 0.028348
8 2 0.086625
2 1 0.046311
3 6 0.029155
14 4 0.083867
8 15 0.036259
14 10 0.011324
2 8 0.009800
1 13 0.064488
3 11 0.066926
4 3 0.058443
12 14 0.040206
9 8 0.018339
14 7 0.032199
1 10 0.062751
7 11 0.074547
6 9 0.016261
1 3 0.061790
1 5 0.067522
3 7 0.067653
4 12 0.079021
11 8 0.035841
11 10 0.033577
10 2 0.082606
8 5 0.007177
10 9 0.065948
8 1 0.041562
1 2 0.042510
8 14 0.008995
6 1 0.088421
14 1 0.065473
7 6 0.092450
4 2 0.098981
3 1 0.017715
13 5 0.053346
3 6 0.073409
15 12 0.041077
1 2 0.078224
9 12 0.084350
14 6 0.089724
12 9 0.004909
5 13 0.053855
14 5 0.079315
1 10 0.030094
1 15 0.001820
1 13 0.092121
5 11 0.086210
1 12 0.010645
9 5 0.002299
1 2 0.086881
11 10 0.084566
4 10 0.065473
10 2 0.062261
13 4 0.049936
15 12 0.047987
1 8 0.049038
13 7 0.053028
4 10 0.099630
2 9 0.044619
13 5 0.089040
14 1 0.056364
7 8 0.074084
3 15 0.053785
9 3 0.046400
4 7 0.002986
3 6 0.072348
3 13 0.058247
6 8 0.079065
9 3 0.098867
9 11 0.055162
15 8 0.013929
12 13 0.066116
12 2 0.076694
5 10 0.063610
9 6 0.028243
14 2 0.056249
13 10 0.029585
3 6 0.004229
1 6 0.067850
1 2 0.005089
6 13 0.020459
13 14 0.036840
8 5 0.021252
15 10 0.060804
2 15 0.048008
5 4 0.034700
10 1 0.046330
2 12 0.036447
3 15 0.018728
3 2 0.050001
15 12 0.052732
10 3 0.030199
1 8 0.049267
1 3 0.078366
13 11 0.032574
5 7 0.037432
8 9 0.048822
6 15 0.055554
8 10 0.085930
7 5 0.083259
9 11 0.004434
11 10 0.086638
12 7 0.072124
3 10 0.087507
15 14 0.068552
12 3 0.020005
11 4 0.040666
7 5 0.000688
10 5 0.003138
6 4 0.068462
15 7 0.099151
3 7 0.066377
11 2 0.038947
7 12 0.084680
9 11 0.085418
12 2 0.024264
9 13 0.058079
8 6 0.099888
5 7 0.042893
14 12 0.048297
14 12 0.022731
13 2 0.056747
9 3 0.001321
13 11 0.039846
15 1 0.046726
15 13 0.094904
15 10 0.055844
15 6 0.045787
3 10 0.091181
3 7 0.008521
6 1 0.081579
7 12 0.093219
1 12 0.039323
9 5 0.094060
11 15 0.053892
3 15 0.030354
10 4 0.028133
13 11 0.059400
2 7 0.074562
8 11 0.040821
4 12 0.021943
12 9 0.024177
2 15 0.055904
10 14 0.044968
9 2 0.027932
3 14 0.070956
14 13 0.063999
10 11 0.073513
2 9 0.027748
14 3 0.067694
13 5 0.022936
11 5 0.074259
10 14 0.043207
14 3 0.056135
1 14 0.086898
10 7 0.037567
5 15 0.070009
1 11 0.015030
10 6 0.070843
5 15 0.085073
3 8 0.042882
6 14 0.030995
4 2 0.001869
13 12 0.025601
6 8 0.010019
15 11 0.036997
2 13 0.030758
12 11 0.033385
12 7 0.068036
13 9 0.089826
11 14 0.084332
15 6 0.006923
14 9 0.022341
7 14 0.098286
4 8 0.083045
9 2 0.001025
7 10 0.053906
9 15 0.076032
5 14 0.094967
2 13 0.017996
1 11 0.055230
14 10 0.045225
12 15 0.022129
9 5 0.086031
14 7 0.018965
7 6 0.013722
9 2 0.016167
5 9 0.006496
3 7 0.071841
5 2 0.084117
9 2 0.004374
13 15 0.004931
13 3 0.095934
1 7 0.079371
15 9 0.070417
7 5 0.004798
1 10 0.015492
9 7 0.087475
2 8 0.035577
3 13 0.057933
6 9 0.063138
7 3 0.067572
6 8 0.044140
9 4 0.098927
8 11 0.092377
5 15 0.059769
5 10 0.067455
11 4 0.029706
13 8 0.091469
11 1 0.066323
10 2 0.076077
11 13 0.003343
8 10 0.043628
6 7 0.048609
3 7 0.018158
12 15 0.042940
7 15 0.092826
8 4 0.069863
9 7 0.025856
3 6 0.065445
3 5 0.097205
3 4 0.018005
2 12 0.081462
14 10 0.058182
8 1 0.019537
5 6 0.038221
12 15 0.012115
11 14 0.005796
3 9 0.053783
6 1 0.079649
11 1 0.011042
14 3 0.052743
11 14 0.061401
12 1 0.045052
12 10 0.084228
9 3 0.033731
4 6 0.042374
6 14 0.046778
13 11 0.005796
15 14 0.075375
11 13 0.056449
1 15 0.013512
14 13 0.079976
10 13 0.064976
10 1 0.028219
3 2 0.094376
13 3 0.065270
4 10 0.077654
3 10 0.021285
13 14 0.039475
10 5 0.049868
14 2 0.041601
1 14 0.043563
11 8 0.029043
1 3 0.009259
6 7 0.079874
1 8 0.003114
6 14 0.038362
6 10 0.079410
13 7 0.098691
5 15 0.033930
2 13 0.087215
9 14 0.087844
8 14 0.015729
6 2 0.024576
1 5 0.008371
2 14 0.020235
4 10 0.001315
5 15 0.060707
14 6 0.015120
10 12 0.019304
2 14 0.062372
3 6 0.083117
12 14 0.053253
14 7 0.003530
10 7 0.046744
9 3 0.032214
10 4 0.084733
10 11 0.068357
9 11 0.024277
13 14 0.098597
2 9 0.021414
8 11 0.091076
12 13 0.026877
3 15 0.098821
14 12 0.060356
15 14 0.032747
4 10 0.014627
5 12 0.004005
10 6 0.068440
6 13 0.005666
13 7 0.058813
13 4 0.086707
3 15 0.035383
5 4 0.013593
2 6 0.010192
2 15 0.096600
1 15 0.022813
6 10 0.017160
1 7 0.064793
5 14 0.099086
2 11 0.016638
11 13 0.056903
1 13 0.019813
3 9 0.006700
4 12 0.050537
7 6 0.016122
3 14 0.025865
2 7 0.078856
5 2 0.033019
12 8 0.005015
7 14 0.070882
14 12 0.077345
13 2 0.058886
11 2 0.047164
10 7 0.099042
7 6 0.091643
1 7 0.006808
11 2 0.034807
7 13 0.046937
1 9 0.060619
4 14 0.034415
4 6 0.029625
9 11 0.070801
2 3 0.070094
2 7 0.051315
5 11 0.098614
7 11 0.071235
2 5 0.073060
14 5 0.047149
13 2 0.037138
6 15 0.000379
3 4 0.048842
1 13 0.072964
3 15 0.048707
9 15 0.065156
11 5 0.093496
15 8 0.065197
10 2 0.044405
12 1 0.058646
13 9 0.076589
14 11 0.090700
15 2 0.052552
10 4 0.052565
3 6 0.046255
10 13 0.000658
2 11 0.059758
14 5 0.002836
2 10 0.052331
9 1 0.040779
4 14 0.026259
14 13 0.046060
9 4 0.085804
1 6 0.056432
11 13 0.089847
8 2 0.095447
1 3 0.057496
7 12 0.095513
9 14 0.001474
13 15 0.040712
12 9 0.044729
12 5 0.044924
7 14 0.078081
12 14 0.030979
4 10 0.006379
15 10 0.084210
14 11 0.035824
9 3 0.081292
10 2 0.066725
6 9 0.031163
8 6 0.059954
3 2 0.094308
3 11 0.080105
10 3 0.010884
12 1 0.011118
15 14 0.048946
15 1 0.075601
5 14 0.099276
5 11 0.029660
13 15 0.013073
2 13 0.065186
12 6 0.091581
4 6 0.003653
13 5 0.036487
15 10 0.080132
14 2 0.089440
13 15 0.021777
4 6 0.080565
10 15 0.074524
4 3 0.057588
12 11 0.037535
9 5 0.030093
4 5 0.020933
7 1 0.017687
14 9 0.018476
13 10 0.033735
15 6 0.041956
14 11 0.032550
1 6 0.071641
12 3 0.018601
4 7 0.073514
15 6 0.027375
10 9 0.074168
1 12 0.062942
12 6 0.073275
2 7 0.095772
3 7 0.026844
5 1 0.034779
4 9 0.024662
9 2 0.006368
8 3 0.071704
4 2 0.054926
2 4 0.066191
12 4 0.039659
7 14 0.004775
6 9 0.014570
12 5 0.069169
4 5 0.020551
14 7 0.050416
2 3 0.051203
9 5 0.057909
13 3 0.014122
10 1 0.037568
10 7 0.052083
10 15 0.019495
8 7 0.066831
9 4 0.064756
3 1 0.079763
13 7 0.082378
7 9 0.032833
10 13 0.057954
15 13 0.073064
11 10 0.004153
11 8 0.051439
2 11 0.070708
11 7 0.014445
13 14 0.017510
7 5 0.002240
10 14 0.080925
12 9 0.094344
2 3 0.001952
2 14 0.088296
11 7 0.049282
14 1 0.004935
6 9 0.030262
6 3 0.014839
15 12 0.081617
12 10 0.071498
1 14 0.075823
15 8 0.055030
7 11 0.052448
6 3 0.048195
11 14 0.051990
10 15 0.078547
13 8 0.049721
12 8 0.086737
10 13 0.048240
7 6 0.055713
1 2 0.062676
10 6 0.019097
12 10 0.084688
13 5 0.028393
11 6 0.061414
7 14 0.016641
8 3 0.000198
2 5 0.039173
2 5 0.093710
5 12 0.063859
2 6 0.053609
4 13 0.033538
9 1 0.036598
15 7 0.069734
13 14 0.035984
13 4 0.058918
4 13 0.084425
5 15 0.073766
15 6 0.010359
14 11 0.025385
8 13 0.037792
11 15 0.076224
7 10 0.051252
14 11 0.063738
14 4 0.083170
9 13 0.005749
5 10 0.031240
11 3 0.026783
13 15 0.051069
6 13 0.023310
11 14 0.040157
14 13 0.049070
4 10 0.096595
2 6 0.000180
11 6 0.071964
13 3 0.062868
8 4 0.002139
4 5 0.045576
3 9 0.062267
11 7 0.088958
11 13 0.006416
15 8 0.011997
11 6 0.069018
6 14 0.070283
6 10 0.087288
6 1 0.049872
5 14 0.041852
3 7 0.007884
13 10 0.011729
7 3 0.028728
6 13 0.007642
10 2 0.038998
9 7 0.012910
2 5 0.054933
10 13 0.064995
6 4 0.028598
4 5 0.032004
6 2 0.077421
8 2 0.029223
3 10 0.052232
11 10 0.068113
11 4 0.021027
8 14 0.004260
9 14 0.072631
15 13 0.020711
8 6 0.015355
8 15 0.036038
7 5 0.042356
2 6 0.099713
8 5 0.028029
14 15 0.047395
11 10 0.092814
13 2 0.002851
2 3 0.018770
10 9 0.086693
13 15 0.059982
9 7 0.013978
5 12 0.048151
5 13 0.050818
6 9 0.046960
8 13 0.094441
9 12 0.049321
2 11 0.024723
9 4 0.062841
7 14 0.014853
1 6 0.056507
11 4 0.020202
1 13 0.028007
7 15 0.011835
12 15 0.036545
1 8 0.089395
5 14 0.096197
15 11 0.038302
11 7 0.028664
1 9 0.008140
7 9 0.094622
1 10 0.023317
10 5 0.035025
2 9 0.057063
5 11 0.040254
5 9 0.040794
5 3 0.083441
11 1 0.015229
4 11 0.050736
12 5 0.088995
11 3 0.007100
11 14 0.058571
15 9 0.048289
4 12 0.019913
11 15 0.088073
11 15 0.045251
6 5 0.024706
14 4 0.075064
7 2 0.069536
1 7 0.060078
4 9 0.063747
4 7 0.021062
15 6 0.003982
11 2 0.086871
7 5 0.016950
8 14 0.063214
7 14 0.038966
8 10 0.022046
6 14 0.072641
14 11 0.037068
1 11 0.059997
11 10 0.093805
8 13 0.075143
7 2 0.036041
11 12 0.067872
3 7 0.079577
12 2 0.093276
2 12 0.060873
5 15 0.083632
8 6 0.030199
15 2 0.082084
3 7 0.045047
4 3 0.059562
12 10 0.076963
10 9 0.044711
14 12 0.009930
8 2 0.028456
9 1 0.013455
6 7 0.000840
2 6 0.095051
5 9 0.006325
14 11 0.028746
15 9 0.012893
9 3 0.004360
4 8 0.053948
5 15 0.033979
5 9 0.001899
1 5 0.087967
12 13 0.043735
6 5 0.099762
9 15 0.023914
13 9 0.066527
7 5 0.035163
8 15 0.050679
9 5 0.058403
4 14 0.087744
7 15 0.061917
6 1 0.003099
10 9 0.006289
6 9 0.090739
6 4 0.080193
11 15 0.018787
2 5 0.011376
2 8 0.065849
12 8 0.027712
1 11 0.038363
9 1 0.085384
5 7 0.033183
3 2 0.064933
10 2 0.084460
14 13 0.049645
12 9 0.082334
12 7 0.054732
2 3 0.046436
15 1 0.094559
6 11 0.035928
11 9 0.007808
8 9 0.079479
6 8 0.043868
12 13 0.059299
2 11 0.079238
9 5 0.072978
9 3 0.044420
10 3 0.070203
10 13 0.032243
3 5 0.009282
7 11 0.041505
11 9 0.075865
1 2 0.081006
15 4 0.064622
12 15 0.034133
8 7 0.024169
13 6 0.064519
9 14 0.068706
14 13 0.084928
12 15 0.057603
13 11 0.082363
10 5 0.064178
4 7 0.066881
12 7 0.081447
13 3 0.016495
10 7 0.091020
8 15 0.088803
7 11 0.042924
14 8 0.020023
5 4 0.081626
10 3 0.033689
10 9 0.086465
2 4 0.058269
12 4 0.009519
1 10 0.045388
2 11 0.069331
1 7 0.049301
9 7 0.094005
13 4 0.047769
1 4 0.091251
12 2 0.095225
3 2 0.070802
12 5 0.031913
11 4 0.002722
1 14 0.035369
8 10 0.050684
6 12 0.041667
15 1 0.075165
2 5 0.010329
9 3 0.039017
7 12 0.086821
13 11 0.074899
7 2 0.094374
3 11 0.059455
11 2 0.026890
8 7 0.093102
9 7 0.031988
1 15 0.045533
5 10 0.062426
12 10 0.086278
10 13 0.034786
3 4 0.010088
13 14 0.025243
5 12 0.040655
6 8 0.095052
13 14 0.047274
1 5 0.090906
11 7 0.066983
12 5 0.085896
9 15 0.099695
9 3 0.014361
5 2 0.032234
11 12 0.086437
6 14 0.045323
1 11 0.088364
15 12 0.075062
12 1 0.037419
11 14 0.005794
8 14 0.080614
9 10 0.014241
8 15 0.082317
10 12 0.022451
4 3 0.035060
13 12 0.013519
11 5 0.009327
8 3 0.028229
14 6 0.069548
9 10 0.055426
7 12 0.037790
12 14 0.063812
10 12 0.073494
11 8 0.043598
7 10 0.044274
11 1 0.055080
7 15 0.042498
14 11 0.066132
6 13 0.072273
2 8 0.056991
8 15 0.007152
9 10 0.023478
6 3 0.075485
1 8 0.002026
5 8 0.099908
4 8 0.082653
3 12 0.054870
5 11 0.077444
12 6 0.097738
10 12 0.038978
1 14 0.031574
11 1 0.098946
2 14 0.025316
3 10 0.053843
12 2 0.027152
2 15 0.082401
1 15 0.049533
7 12 0.093592
15 7 0.053454
8 12 0.031463
9 5 0.091384
3 7 0.042508
1 11 0.073068
10 8 0.095554
8 5 0.029586
13 2 0.096094
8 14 0.097086
1 8 0.075740
10 8 0.066567
3 14 0.036699
15 2 0.099654
13 14 0.094391
2 7 0.007295
12 15 0.004763
6 7 0.013534
15 7 0.021064
7 13 0.041138
5 1 0.069750
11 12 0.096057
8 9 0.091676
4 8 0.018746
9 7 0.001124
4 3 0.048636
13 12 0.036130
9 10 0.095264
14 6 0.099202
7 6 0.049554
3 1 0.057989
7 1 0.094616
3 11 0.010394
4 6 0.039479
8 11 0.071167
14 3 0.056969
14 4 0.075159
15 14 0.060358
13 3 0.096845
13 4 0.081858
5 1 0.015517
11 6 0.064752
14 11 0.077491
10 15 0.040298
5 7 0.057754
6 10 0.092390
6 11 0.019638
13 2 0.016810
7 11 0.042791
6 14 0.023008
14 8 0.089556
15 9 0.057609
7 6 0.038326
6 13 0.099128
14 13 0.082513
12 7 0.069106
11 3 0.042242
3 5 0.021306
2 10 0.066378
3 11 0.018244
15 5 0.024868
6 9 0.061448
9 10 0.006316
6 13 0.003412
5 11 0.001179
9 14 0.062481
10 12 0.039761
8 4 0.062045
7 11 0.042418
5 3 0.094840
5 4 0.043255
12 3 0.066370
13 7 0.055150
5 9 0.099191
7 2 0.095591
1 14 0.045536
3 2 0.022685
4 10 0.035956
15 13 0.081932
12 6 0.059774
4 3 0.065504
6 11 0.025609
4 7 0.057890
4 2 0.048244
10 6 0.065371
1 3 0.009048
10 2 0.018001
9 1 0.044317
5 15 0.017028
10 6 0.045979
6 8 0.016028
5 14 0.097751
9 13 0.056180
7 5 0.005017
1 12 0.071097
13 11 0.050316
12 15 0.061193
10 15 0.084881
2 12 0.054105
2 8 0.004367
12 14 0.076600
1 4 0.008049
6 11 0.011171
5 9 0.067683
4 8 0.001626
3 6 0.064851
4 12 0.082854
5 2 0.029625
11 15 0.017214
3 7 0.042317
4 3 0.081640
9 15 0.036228
10 9 0.016015
3 4 0.018440
7 14 0.062825
8 13 0.059367
15 8 0.030891
14 12 0.005194
9 5 0.078833
7 14 0.079825
7 3 0.088768
10 14 0.089924
15 5 0.035992
14 1 0.090833
3 1 0.056452
7 3 0.000528
7 11 0.056064
15 8 0.094577
1 4 0.032790
8 5 0.080676
9 7 0.038176
6 7 0.011625
13 15 0.013905
4 12 0.027916
8 14 0.045339
9 2 0.043110
10 13 0.047372
6 4 0.097221
2 5 0.027476
6 14 0.026004
7 1 0.055316
8 3 0.067941
15 7 0.031345
11 6 0.020776
1 7 0.069247
3 8 0.096971
4 2 0.083919
15 13 0.002997
3 11 0.008815
10 4 0.072093
13 6 0.054682
1 6 0.052649
11 7 0.002015
15 12 0.030899
15 12 0.077269
12 14 0.047944
13 14 0.063067
6 11 0.089729
3 13 0.009085
5 9 0.095840
14 4 0.084228
8 10 0.036714
1 2 0.012078
13 10 0.010231
10 14 0.039987
5 3 0.011569
2 5 0.057952
7 12 0.000780
5 10 0.062483
6 5 0.031233
7 15 0.089060
2 7 0.058725
8 7 0.045830
12 7 0.018672
12 5 0.097642
3 2 0.085464
1 12 0.068553
8 11 0.065944
3 13 0.076257
3 1 0.061671
3 14 0.022970
1 13 0.064851
5 10 0.014868
14 2 0.072235
3 9 0.012289
15 11 0.040933
12 5 0.040461
2 9 0.021610
3 13 0.067133
13 12 0.011248
4 9 0.076648
3 1 0.036697
7 8 0.052036
9 10 0.058689
1 15 0.034797
7 5 0.047970
11 9 0.069565
3 7 0.060352
1 4 0.063392
13 8 0.068039
11 7 0.084407
5 1 0.036863
9 10 0.023100
3 14 0.072748
9 14 0.064313
12 14 0.051736
11 12 0.026668
13 10 0.054602
14 2 0.066778
12 14 0.058522
13 6 0.030324
7 10 0.086359
14 13 0.007181
6 7 0.019619
10 12 0.061252
6 1 0.057684
4 1 0.034577
10 11 0.013491
6 4 0.019783
10 14 0.046919
8 11 0.038829
4 7 0.036581
8 5 0.083958
7 14 0.064259
11 8 0.050262
15 6 0.078091
11 13 0.012787
14 3 0.055852
1 13 0.090041
5 13 0.004434
9 13 0.089114
13 7 0.048646
12 11 0.055287
7 6 0.084634
1 11 0.082688
14 13 0.083879
6 1 0.089453
3 14 0.010539
13 9 0.092770
14 7 0.044567
15 14 0.034995
8 3 0.052942
3 15 0.095439
