15 1000
11 3 0.000655
14 7 0.000767
8 2 0.000456
1 4 0.000633
9 15 0.000388
3 15 0.000059
14 4 0.000596
9 2 0.000769
4 10 0.000003
14 7 0.000245
12 8 0.000615
2 11 0.000173
12 3 0.000766
15 11 0.000585
10 7 0.000368
13 9 0.000635
12 10 0.000241
1 2 0.000073
15 6 0.000385
10 11 0.000360
1 15 0.000680
1 14 0.000358
14 8 0.000481
7 4 0.000736
6 1 0.000150
15 13 0.000245
8 1 0.000128
3 7 0.000080
8 13 0.000047
12 14 0.000861
3 1 0.000582
9 11 0.000489
12 2 0.000692
4 14 0.000533
14 6 0.000693
13 1 0.000226
4 8 0.000458
15 1 0.000219
1 9 0.000701
10 1 0.000294
5 1 0.000702
6 10 0.000234
14 9 0.000165
6 1 0.000113
12 2 0.000010
3 5 0.000796
4 5 0.000391
12 2 0.000715
14 1 0.000993
1 8 0.000785
2 11 0.000828
11 15 0.000558
6 11 0.000164
4 13 0.000211
2 11 0.000942
15 12 0.000237
9 2 0.000067
4 11 0.000375
1 11 0.000643
13 2 0.000838
13 4 0.000766
12 15 0.000095
1 15 0.000235
4 2 0.000008
13 8 0.000034
10 2 0.000995
12 14 0.000790
14 2 0.000080
5 2 0.000141
1 13 0.000255
6 15 0.000330
11 10 0.000422
12 6 0.000829
7 15 0.000366
13 6 0.000464
13 15 0.000361
3 2 0.000638
9 14 0.000296
2 6 0.000624
11 4 0.000107
12 10 0.000483
1 12 0.000888
7 14 0.000880
2 11 0.000930
13 7 0.000784
13 8 0.000844
15 2 0.000363
14 15 0.000762
4 6 0.000276
7 2 0.000015
13 15 0.000397
3 9 0.000989
6 13 0.000677
5 4 0.000233
12 7 0.000694
4 7 0.000775
7 1 0.000446
3 9 0.000537
8 7 0.000737
5 1 0.000374
1 2 0.000941
1 15 0.000948
6 15 0.000477
8 9 0.000487
1 10 0.000612
2 13 0.000583
9 10 0.000434
14 15 0.000644
3 12 0.000216
3 11 0.000572
12 1 0.000847
10 1 0.000373
1 7 0.000155
14 9 0.000922
8 7 0.000424
9 1 0.000903
13 4 0.000291
13 4 0.000196
10 11 0.000101
9 8 0.000988
7 11 0.000826
4 15 0.000798
8 6 0.000231
5 9 0.000026
10 11 0.000501
4 6 0.000399
4 12 0.000812
10 15 0.000943
6 2 0.000719
11 14 0.000443
3 4 0.000223
13 11 0.000660
8 13 0.000575
9 15 0.000542
13 6 0.000114
15 14 0.000469
12 11 0.000592
15 13 0.000205
15 6 0.000949
3 7 0.000260
15 7 0.000985
1 14 0.000053
13 12 0.000597
9 7 0.000422
8 4 0.000232
14 2 0.000358
12 8 0.000591
1 2 0.000559
5 12 0.000493
15 12 0.000734
7 14 0.000899
13 2 0.000163
11 4 0.000467
7 3 0.000512
8 7 0.000183
15 6 0.000893
3 9 0.000733
1 15 0.000465
12 1 0.000871
11 8 0.000365
2 5 0.000948
13 4 0.000063
11 10 0.000559
1 14 0.000898
11 5 0.000771
3 6 0.000638
9 10 0.000123
3 14 0.000829
15 7 0.000012
10 11 0.000755
2 9 0.000407
13 6 0.000792
11 5 0.000887
7 12 0.000802
11 15 0.000415
14 6 0.000416
4 14 0.000279
13 1 0.000524
9 10 0.000313
9 5 0.000324
7 11 0.000105
15 9 0.000393
5 2 0.000130
6 13 0.000843
9 11 0.000916
15 1 0.000676
7 8 0.000328
8 7 0.000852
11 7 0.000274
11 1 0.000353
2 15 0.000132
6 14 0.000881
15 10 0.000767
6 13 0.000382
4 10 0.000319
6 12 0.000982
10 6 0.000538
12 5 0.000960
12 2 0.000796
5 6 0.000282
14 15 0.000620
5 7 0.000416
9 6 0.000999
2 13 0.000029
4 8 0.000621
15 11 0.000248
8 7 0.000061
5 8 0.000964
7 2 0.000200
5 4 0.000260
1 10 0.000266
2 3 0.000958
15 1 0.000567
9 12 0.000347
3 4 0.000194
13 5 0.000593
6 9 0.000983
7 14 0.000488
11 10 0.000672
15 10 0.000742
1 3 0.000782
14 4 0.000709
13 5 0.000426
1 12 0.000209
7 13 0.000881
8 9 0.000922
1 10 0.000782
7 6 0.000552
6 12 0.000947
3 13 0.000602
14 9 0.000902
2 5 0.000802
15 3 0.000764
5 10 0.000653
1 4 0.000949
8 4 0.000907
1 3 0.000863
9 4 0.000731
1 3 0.000973
12 8 0.000363
11 7 0.000761
2 7 0.000436
6 5 0.000820
14 9 0.000284
14 9 0.000570
8 1 0.000768
10 11 0.000302
11 15 0.000871
13 4 0.000576
5 9 0.000956
5 10 0.000943
11 9 0.000103
2 6 0.000469
1 13 0.000212
8 7 0.000074
4 14 0.000283
10 5 0.000007
1 6 0.000689
2 4 0.000383
13 11 0.000596
14 3 0.000027
3 13 0.000364
9 1 0.000106
12 1 0.000100
4 11 0.000589
2 1 0.000714
3 11 0.000737
11 1 0.000901
8 3 0.000601
1 12 0.000771
3 2 0.000873
3 7 0.000486
11 13 0.000768
10 15 0.000616
14 9 0.000707
13 9 0.000661
12 4 0.000648
3 5 0.000008
6 4 0.000867
3 10 0.000069
15 7 0.000452
11 3 0.000695
4 15 0.000497
3 7 0.000079
3 7 0.000326
5 3 0.000087
2 1 0.000710
7 4 0.000780
3 6 0.000269
14 4 0.000002
3 4 0.000406
13 3 0.000520
11 15 0.000071
3 8 0.000183
3 7 0.000904
12 15 0.000053
15 12 0.000724
3 11 0.000381
9 4 0.000787
13 2 0.000186
8 11 0.000231
7 8 0.000789
4 15 0.000668
1 6 0.000859
2 12 0.000959
10 4 0.000299
10 6 0.000833
2 13 0.000679
7 9 0.000188
5 11 0.000272
15 10 0.000948
10 1 0.000542
11 7 0.000400
2 4 0.000485
3 15 0.000595
10 5 0.000050
4 9 0.000701
3 12 0.000766
5 3 0.000027
5 12 0.000974
10 14 0.000295
6 15 0.000517
2 15 0.000928
1 11 0.000833
15 4 0.000403
3 10 0.000311
14 15 0.000814
12 13 0.000285
8 15 0.000176
9 4 0.000479
4 14 0.000011
14 10 0.000602
8 6 0.000680
4 1 0.000647
9 2 0.000828
12 3 0.000863
3 7 0.000199
12 2 0.000707
15 13 0.000514
15 14 0.000782
15 6 0.000945
12 1 0.000187
7 2 0.000985
6 11 0.000283
11 13 0.000708
2 7 0.000151
10 8 0.000466
12 15 0.000338
15 5 0.000197
6 14 0.000136
1 10 0.000200
4 12 0.000469
1 15 0.000985
8 14 0.000298
9 3 0.000365
7 2 0.000057
1 15 0.000974
2 10 0.000712
14 4 0.000275
8 15 0.000238
1 4 0.000303
5 6 0.000951
4 2 0.000917
5 7 0.000507
5 4 0.000825
12 3 0.000029
7 11 0.000658
7 14 0.000877
3 7 0.000208
4 3 0.000571
11 2 0.000424
15 13 0.000877
12 7 0.000717
9 4 0.000163
4 12 0.000749
7 14 0.000906
2 7 0.000295
4 10 0.000197
9 3 0.000677
6 7 0.000228
4 9 0.000057
5 2 0.000206
4 12 0.000936
7 14 0.000078
13 10 0.000969
8 14 0.000264
3 6 0.000469
13 2 0.000693
4 7 0.000773
3 6 0.000048
12 2 0.000932
8 1 0.000673
13 2 0.000268
8 5 0.000097
1 9 0.000699
1 2 0.000220
15 8 0.000644
1 13 0.000025
12 3 0.000244
5 8 0.000581
8 4 0.000390
2 11 0.000454
5 15 0.000572
11 12 0.000718
3 4 0.000489
15 10 0.000295
9 14 0.000430
15 5 0.000227
4 7 0.000642
5 9 0.000314
12 1 0.000288
6 7 0.000943
1 3 0.000553
14 11 0.000414
4 11 0.000623
5 6 0.000883
1 5 0.000544
14 1 0.000250
14 11 0.000119
7 2 0.000397
6 11 0.000855
3 5 0.000652
13 4 0.000108
14 1 0.000834
6 4 0.000259
3 13 0.000881
2 13 0.000219
12 13 0.000342
10 2 0.000754
10 14 0.000780
9 6 0.000318
3 14 0.000989
12 11 0.000432
12 3 0.000151
11 9 0.000881
3 13 0.000378
11 7 0.000055
4 3 0.000272
12 2 0.000651
3 12 0.000005
1 10 0.000234
14 1 0.000919
8 10 0.000870
12 1 0.000297
3 2 0.000599
7 11 0.000884
4 2 0.000526
1 9 0.000964
9 11 0.000905
3 14 0.000274
1 14 0.000099
15 7 0.000508
14 4 0.000479
5 14 0.000565
2 13 0.000063
2 15 0.000929
9 6 0.000195
8 13 0.000489
14 15 0.000165
15 7 0.000104
10 12 0.000567
14 15 0.000186
8 4 0.000156
6 5 0.000039
2 10 0.000031
7 9 0.000486
15 1 0.000339
4 7 0.000718
14 6 0.000220
2 11 0.000034
14 5 0.000198
12 13 0.000709
11 15 0.000397
12 10 0.000631
4 2 0.000519
13 8 0.000265
9 11 0.000421
13 15 0.000448
6 14 0.000647
5 11 0.000604
5 3 0.000799
10 7 0.000838
3 11 0.000924
6 10 0.000548
2 13 0.000720
2 4 0.000231
13 4 0.000841
2 8 0.000155
7 12 0.000382
7 8 0.000392
4 1 0.000336
14 2 0.000239
14 11 0.000374
13 7 0.000881
4 1 0.000039
9 8 0.000449
14 2 0.000506
2 13 0.000258
15 10 0.000505
4 11 0.000290
7 8 0.000686
1 9 0.000828
15 13 0.000625
14 6 0.000420
7 1 0.000807
4 12 0.000845
12 4 0.000096
15 14 0.000200
13 10 0.000205
1 14 0.000256
3 13 0.000344
9 6 0.000285
6 11 0.000567
13 4 0.000887
3 10 0.000002
12 6 0.000815
2 6 0.000870
8 12 0.000285
12 7 0.000843
13 7 0.000935
12 14 0.000429
11 6 0.000776
5 11 0.000646
6 2 0.000518
12 11 0.000457
7 13 0.000399
6 15 0.000238
7 13 0.000814
15 9 0.000201
4 13 0.000657
2 1 0.000257
9 12 0.000622
6 8 0.000661
5 6 0.000837
4 12 0.000680
1 14 0.000573
4 1 0.000027
2 1 0.000563
15 5 0.000796
10 14 0.000815
5 14 0.000613
3 8 0.000944
4 2 0.000242
5 15 0.000289
6 13 0.000729
7 10 0.000927
7 4 0.000513
4 7 0.000767
12 8 0.000569
10 6 0.000067
3 11 0.000869
3 10 0.000222
6 1 0.000477
2 5 0.000907
5 15 0.000598
4 1 0.000839
11 8 0.000299
5 8 0.000836
8 15 0.000133
10 13 0.000869
10 15 0.000135
3 2 0.000117
10 13 0.000467
8 1 0.000331
6 4 0.000864
6 4 0.000365
13 6 0.000563
11 1 0.000354
7 6 0.000362
5 10 0.000692
2 1 0.000827
3 1 0.000433
15 5 0.000636
6 9 0.000672
4 13 0.000371
5 11 0.000648
9 1 0.000766
1 4 0.000900
4 14 0.000976
9 11 0.000895
3 13 0.000041
8 14 0.000030
11 10 0.000339
4 8 0.000755
3 10 0.000348
13 10 0.000881
5 15 0.000285
5 14 0.000108
13 4 0.000481
10 14 0.000836
4 12 0.000225
12 14 0.000529
10 9 0.000618
9 5 0.000876
4 10 0.000486
7 14 0.000387
15 2 0.000771
11 2 0.000936
13 10 0.000724
1 3 0.000747
14 2 0.000022
4 15 0.000045
2 3 0.000626
2 8 0.000346
11 1 0.000950
8 13 0.000764
1 8 0.000535
1 4 0.000878
1 2 0.000295
15 10 0.000467
15 1 0.000083
11 1 0.000720
3 4 0.000868
14 10 0.000214
6 3 0.000916
6 2 0.000518
9 12 0.000232
7 4 0.000423
9 12 0.000716
7 13 0.000915
12 1 0.000279
9 11 0.000567
11 9 0.000213
5 10 0.000513
3 2 0.000487
6 7 0.000188
4 6 0.000911
15 7 0.000413
7 3 0.000748
6 8 0.000753
10 14 0.000735
3 15 0.000165
2 5 0.000153
13 6 0.000658
1 7 0.000266
5 10 0.000363
1 8 0.000236
10 8 0.000479
3 2 0.000979
7 5 0.000741
11 5 0.000104
3 12 0.000710
2 15 0.000546
8 7 0.000277
2 14 0.000499
2 10 0.000917
15 11 0.000237
5 2 0.000863
1 7 0.000625
13 12 0.000779
13 5 0.000831
5 14 0.000575
13 9 0.000076
4 9 0.000952
15 7 0.000192
11 13 0.000894
10 7 0.000086
5 4 0.000102
5 6 0.000688
2 8 0.000815
4 10 0.000158
14 1 0.000437
9 15 0.000583
10 5 0.000001
11 13 0.000008
3 8 0.000173
8 9 0.000164
14 6 0.000488
14 6 0.000359
14 15 0.000006
10 11 0.000022
2 7 0.000595
6 1 0.000032
12 11 0.000411
7 6 0.000820
4 11 0.000354
11 12 0.000783
1 3 0.000229
8 4 0.000871
5 3 0.000101
6 4 0.000168
11 3 0.000578
8 14 0.000953
9 14 0.000403
7 9 0.000526
7 1 0.000311
5 3 0.000253
3 9 0.000674
11 14 0.000412
2 15 0.000525
3 1 0.000673
13 8 0.000448
11 15 0.000015
11 7 0.000644
9 3 0.000025
5 10 0.000048
2 1 0.000679
12 10 0.000006
5 10 0.000944
9 15 0.000846
9 15 0.000902
12 11 0.000814
5 10 0.000753
6 2 0.000628
11 9 0.000658
12 15 0.000517
4 8 0.000409
5 13 0.000133
7 3 0.000420
5 3 0.000274
4 5 0.000461
13 12 0.000569
1 10 0.000406
2 7 0.000567
1 2 0.000608
10 3 0.000790
13 14 0.000061
2 12 0.000396
3 13 0.000742
12 7 0.000473
2 15 0.000954
15 5 0.000108
4 6 0.000730
7 6 0.000591
3 1 0.000986
12 7 0.000463
11 6 0.000226
15 8 0.000101
14 13 0.000328
7 10 0.000011
5 2 0.000402
9 10 0.000562
15 6 0.000689
4 8 0.000405
2 8 0.000555
6 1 0.000853
9 15 0.000606
15 12 0.000094
7 5 0.000914
13 5 0.000678
11 6 0.000615
9 6 0.000427
6 1 0.000030
3 6 0.000769
6 14 0.000105
1 10 0.000489
15 2 0.000770
2 4 0.000558
5 1 0.000437
4 13 0.000853
1 15 0.000230
11 5 0.000351
10 5 0.000631
11 3 0.000999
5 6 0.000235
11 7 0.000886
1 10 0.000331
6 3 0.000691
2 9 0.000336
9 12 0.000299
10 2 0.000144
13 6 0.000488
2 4 0.000617
13 11 0.000550
1 8 0.000158
7 11 0.000450
11 1 0.000922
3 13 0.000341
5 6 0.000402
13 2 0.000273
14 7 0.000901
4 14 0.000762
9 12 0.000074
4 1 0.000896
11 10 0.000788
2 14 0.000860
12 4 0.000807
10 13 0.000672
10 14 0.000822
4 6 0.000158
8 7 0.000293
11 4 0.000589
14 13 0.000646
3 13 0.000103
1 10 0.000009
15 11 0.000371
9 2 0.000425
12 2 0.000339
8 6 0.000788
10 4 0.000827
9 7 0.000108
5 15 0.000951
5 8 0.000866
5 12 0.000477
3 1 0.000809
5 11 0.000075
2 1 0.000773
2 14 0.000452
5 15 0.000871
12 4 0.000659
15 10 0.000413
1 14 0.000028
10 7 0.000213
10 15 0.000264
2 3 0.000323
12 3 0.000324
1 8 0.000892
14 15 0.000209
3 12 0.000500
10 13 0.000392
6 8 0.000050
12 11 0.000080
11 8 0.000645
2 15 0.000479
15 9 0.000839
4 2 0.000527
4 8 0.000829
12 6 0.000458
8 9 0.000518
4 3 0.000281
6 7 0.000608
4 11 0.000018
9 3 0.000131
15 1 0.000473
2 5 0.000061
2 7 0.000577
6 1 0.000349
6 13 0.000197
1 15 0.000851
3 1 0.000412
10 7 0.000674
1 8 0.000137
1 5 0.000842
3 5 0.000129
9 3 0.000138
10 12 0.000104
8 4 0.000247
6 15 0.000892
3 7 0.000838
13 11 0.000625
11 4 0.000934
1 10 0.000438
1 3 0.000915
11 6 0.000236
7 5 0.000977
14 8 0.000117
10 13 0.000563
4 9 0.000329
12 10 0.000902
11 1 0.000073
1 2 0.000236
11 7 0.000332
9 15 0.000369
11 14 0.000215
7 3 0.000348
5 8 0.000821
9 4 0.000152
13 15 0.000473
9 4 0.000078
3 13 0.000761
7 6 0.000518
14 6 0.000995
1 7 0.000540
1 13 0.000751
13 3 0.000553
1 3 0.000358
4 12 0.000884
1 7 0.000419
5 4 0.000051
12 6 0.000357
15 9 0.000214
8 14 0.000688
14 2 0.000129
12 13 0.000462
3 6 0.000458
8 15 0.000783
13 11 0.000147
5 15 0.000220
2 12 0.000009
8 6 0.000469
4 7 0.000095
1 7 0.000520
15 12 0.000976
10 7 0.000396
15 10 0.000323
15 4 0.000150
13 1 0.000927
6 7 0.000056
6 4 0.000412
7 11 0.000342
7 14 0.000261
15 11 0.000616
13 9 0.000405
15 14 0.000275
9 5 0.000217
15 14 0.000636
15 8 0.000039
11 13 0.000095
1 12 0.000226
2 12 0.000424
11 10 0.000820
12 15 0.000789
7 12 0.000388
9 4 0.000001
14 12 0.000596
2 7 0.000276
14 9 0.000321
2 3 0.000958
12 9 0.000962
15 4 0.000362
15 11 0.000379
7 12 0.000520
6 12 0.000062
6 5 0.000760
9 14 0.000008
12 3 0.000306
15 12 0.000116
13 8 0.000105
13 1 0.000449
3 14 0.000678
3 13 0.000795
7 4 0.000460
14 5 0.000452
14 15 0.000601
2 10 0.000922
14 5 0.000019
6 8 0.000836
5 8 0.000307
11 6 0.000379
1 13 0.000427
12 15 0.000578
9 14 0.000239
7 5 0.000497
12 7 0.000567
12 1 0.000201
10 7 0.000683
10 2 0.000148
1 8 0.000618
5 8 0.000746
15 14 0.000914
6 7 0.000865
10 7 0.000333
14 5 0.000084
3 13 0.000636
9 13 0.000503
6 5 0.000342
14 8 0.000311
13 7 0.000451
12 5 0.000371
2 12 0.000715
14 13 0.000247
4 5 0.000239
7 1 0.000008
13 9 0.000568
9 7 0.000874
13 8 0.000009
2 6 0.000936
6 14 0.000980
1 15 0.000371
6 9 0.000972
2 8 0.000532
3 8 0.000666
15 10 0.000556
11 5 0.000830
4 8 0.000180
14 5 0.000040
11 12 0.000268
9 7 0.000016
1 9 0.000594
13 1 0.000285
1 13 0.000693
8 12 0.000560
9 4 0.000952
3 7 0.000349
2 7 0.000616
15 6 0.000084
15 11 0.000371
1 7 0.000926
11 5 0.000057
7 9 0.000974
9 6 0.000353
14 1 0.000050
15 10 0.000708
14 3 0.000658
2 10 0.000697
1 3 0.000322
10 13 0.000580
15 5 0.000462
7 15 0.000011
14 11 0.000133
2 11 0.000486
1 4 0.000930
8 2 0.000058
6 9 0.000964
9 1 0.000273
2 13 0.000410
1 7 0.000849
3 9 0.000101
12 14 0.000505
12 9 0.000346
